A*
200 200
0 0
7
1
199 199
0 1 0 0 9 0 9 9 9 9 0 0 0 0 9 9 0 9 0 9 0 0 0 0 9 9 0 9 0 9 0 0 0 0 9 9 0 9 0 9 0 0 0 0 9 9 0 9 0 9 0 0 0 0 9 9 0 9 0 9 0 0 0 0 9 9 0 9 0 9 0 0 0 0 9 9 0 9 0 9 0 0 0 0 9 9 0 9 0 9 0 0 0 0 9 9 0 9 0 9 0 0 0 0 9 9 0 9 0 9 0 0 0 0 9 9 0 9 0 9 0 0 0 0 9 9 0 9 0 9 0 0 0 0 9 9 0 9 0 9 0 0 0 0 9 9 0 9 0 9 0 0 0 0 9 9 0 9 0 9 0 0 0 0 9 9 0 9 0 9 0 0 0 0 9 9 0 9 0 9 0 0 0 0 9 9 0 9 0 9 0 0 0 0 9 9 0 9 0 9
0 0 9 0 9 9 0 0 0 0 0 0 0 0 9 9 0 9 0 9 0 0 0 0 9 9 0 9 0 9 0 0 0 0 9 9 0 9 0 9 0 0 0 0 9 9 0 9 0 9 0 0 0 0 9 9 0 9 0 9 0 0 0 0 9 9 0 9 0 9 0 0 0 0 9 9 0 9 0 9 0 0 0 0 9 9 0 9 0 9 0 0 0 0 9 9 0 9 0 9 0 0 0 0 9 9 0 9 0 9 0 0 0 0 9 9 0 9 0 9 0 0 0 0 9 9 0 9 0 9 0 0 0 0 9 9 0 9 0 9 0 0 0 0 9 9 0 9 0 9 0 0 0 0 9 9 0 9 0 9 0 0 0 0 9 9 0 9 0 9 0 0 0 0 9 9 0 9 0 9 0 0 0 0 9 9 0 9 0 9 0 0 0 0 9 9 0 9 0 9
0 1 0 0 9 0 9 9 9 9 0 0 0 0 9 9 0 9 0 9 0 0 0 0 9 9 0 9 0 9 0 0 0 0 9 9 0 9 0 9 0 0 0 0 9 9 0 9 0 9 0 0 0 0 9 9 0 9 0 9 0 0 0 0 9 9 0 9 0 9 0 0 0 0 9 9 0 9 0 9 0 0 0 0 9 9 0 9 0 9 0 0 0 0 9 9 0 9 0 9 0 0 0 0 9 9 0 9 0 9 0 0 0 0 9 9 0 9 0 9 0 0 0 0 9 9 0 9 0 9 0 0 0 0 9 9 0 9 0 9 0 0 0 0 9 9 0 9 0 9 0 0 0 0 9 9 0 9 0 9 0 0 0 0 9 9 0 9 0 9 0 0 0 0 9 9 0 9 0 9 0 0 0 0 9 9 0 9 0 9 0 0 0 0 9 9 0 9 0 9
0 0 9 0 9 9 0 0 0 0 0 0 0 0 9 9 0 9 0 9 0 0 0 0 9 9 0 9 0 9 0 0 0 0 9 9 0 9 0 9 0 0 0 0 9 9 0 9 0 9 0 0 0 0 9 9 0 9 0 9 0 0 0 0 9 9 0 9 0 9 0 0 0 0 9 9 0 9 0 9 0 0 0 0 9 9 0 9 0 9 0 0 0 0 9 9 0 9 0 9 0 0 0 0 9 9 0 9 0 9 0 0 0 0 9 9 0 9 0 9 0 0 0 0 9 9 0 9 0 9 0 0 0 0 9 9 0 9 0 9 0 0 0 0 9 9 0 9 0 9 0 0 0 0 9 9 0 9 0 9 0 0 0 0 9 9 0 9 0 9 0 0 0 0 9 9 0 9 0 9 0 0 0 0 9 9 0 9 0 9 0 0 0 0 9 9 0 9 0 9
0 1 0 0 9 0 9 9 9 9 0 0 0 0 9 9 0 9 0 9 0 0 0 0 9 9 0 9 0 9 0 0 0 0 9 9 0 9 0 9 0 0 0 0 9 9 0 9 0 9 0 0 0 0 9 9 0 9 0 9 0 0 0 0 9 9 0 9 0 9 0 0 0 0 9 9 0 9 0 9 0 0 0 0 9 9 0 9 0 9 0 0 0 0 9 9 0 9 0 9 0 0 0 0 9 9 0 9 0 9 0 0 0 0 9 9 0 9 0 9 0 0 0 0 9 9 0 9 0 9 0 0 0 0 9 9 0 9 0 9 0 0 0 0 9 9 0 9 0 9 0 0 0 0 9 9 0 9 0 9 0 0 0 0 9 9 0 9 0 9 0 0 0 0 9 9 0 9 0 9 0 0 0 0 9 9 0 9 0 9 0 0 0 0 9 9 0 9 0 9
0 0 9 0 9 9 0 0 0 0 0 0 0 0 9 9 0 9 0 9 0 0 0 0 9 9 0 9 0 9 0 0 0 0 9 9 0 9 0 9 0 0 0 0 9 9 0 9 0 9 0 0 0 0 9 9 0 9 0 9 0 0 0 0 9 9 0 9 0 9 0 0 0 0 9 9 0 9 0 9 0 0 0 0 9 9 0 9 0 9 0 0 0 0 9 9 0 9 0 9 0 0 0 0 9 9 0 9 0 9 0 0 0 0 9 9 0 9 0 9 0 0 0 0 9 9 0 9 0 9 0 0 0 0 9 9 0 9 0 9 0 0 0 0 9 9 0 9 0 9 0 0 0 0 9 9 0 9 0 9 0 0 0 0 9 9 0 9 0 9 0 0 0 0 9 9 0 9 0 9 0 0 0 0 9 9 0 9 0 9 0 0 0 0 9 9 0 9 0 9
0 1 0 0 9 0 9 9 9 9 0 0 0 0 9 9 0 9 0 9 0 0 0 0 9 9 0 9 0 9 0 0 0 0 9 9 0 9 0 9 0 0 0 0 9 9 0 9 0 9 0 0 0 0 9 9 0 9 0 9 0 0 0 0 9 9 0 9 0 9 0 0 0 0 9 9 0 9 0 9 0 0 0 0 9 9 0 9 0 9 0 0 0 0 9 9 0 9 0 9 0 0 0 0 9 9 0 9 0 9 0 0 0 0 9 9 0 9 0 9 0 0 0 0 9 9 0 9 0 9 0 0 0 0 9 9 0 9 0 9 0 0 0 0 9 9 0 9 0 9 0 0 0 0 9 9 0 9 0 9 0 0 0 0 9 9 0 9 0 9 0 0 0 0 9 9 0 9 0 9 0 0 0 0 9 9 0 9 0 9 0 0 0 0 9 9 0 9 0 9
0 0 9 0 9 9 0 0 0 0 0 0 0 0 9 9 0 9 0 9 0 0 0 0 9 9 0 9 0 9 0 0 0 0 9 9 0 9 0 9 0 0 0 0 9 9 0 9 0 9 0 0 0 0 9 9 0 9 0 9 0 0 0 0 9 9 0 9 0 9 0 0 0 0 9 9 0 9 0 9 0 0 0 0 9 9 0 9 0 9 0 0 0 0 9 9 0 9 0 9 0 0 0 0 9 9 0 9 0 9 0 0 0 0 9 9 0 9 0 9 0 0 0 0 9 9 0 9 0 9 0 0 0 0 9 9 0 9 0 9 0 0 0 0 9 9 0 9 0 9 0 0 0 0 9 9 0 9 0 9 0 0 0 0 9 9 0 9 0 9 0 0 0 0 9 9 0 9 0 9 0 0 0 0 9 9 0 9 0 9 0 0 0 0 9 9 0 9 0 9
0 1 0 0 9 0 9 9 9 9 0 0 0 0 9 9 0 9 0 9 0 0 0 0 9 9 0 9 0 9 0 0 0 0 9 9 0 9 0 9 0 0 0 0 9 9 0 9 0 9 0 0 0 0 9 9 0 9 0 9 0 0 0 0 9 9 0 9 0 9 0 0 0 0 9 9 0 9 0 9 0 0 0 0 9 9 0 9 0 9 0 0 0 0 9 9 0 9 0 9 0 0 0 0 9 9 0 9 0 9 0 0 0 0 9 9 0 9 0 9 0 0 0 0 9 9 0 9 0 9 0 0 0 0 9 9 0 9 0 9 0 0 0 0 9 9 0 9 0 9 0 0 0 0 9 9 0 9 0 9 0 0 0 0 9 9 0 9 0 9 0 0 0 0 9 9 0 9 0 9 0 0 0 0 9 9 0 9 0 9 0 0 0 0 9 9 0 9 0 9
0 0 9 0 9 9 0 0 0 0 0 0 0 0 9 9 0 9 0 9 0 0 0 0 9 9 0 9 0 9 0 0 0 0 9 9 0 9 0 9 0 0 0 0 9 9 0 9 0 9 0 0 0 0 9 9 0 9 0 9 0 0 0 0 9 9 0 9 0 9 0 0 0 0 9 9 0 9 0 9 0 0 0 0 9 9 0 9 0 9 0 0 0 0 9 9 0 9 0 9 0 0 0 0 9 9 0 9 0 9 0 0 0 0 9 9 0 9 0 9 0 0 0 0 9 9 0 9 0 9 0 0 0 0 9 9 0 9 0 9 0 0 0 0 9 9 0 9 0 9 0 0 0 0 9 9 0 9 0 9 0 0 0 0 9 9 0 9 0 9 0 0 0 0 9 9 0 9 0 9 0 0 0 0 9 9 0 9 0 9 0 0 0 0 9 9 0 9 0 9
0 1 0 0 9 0 9 9 9 9 0 0 0 0 9 9 0 9 0 9 0 0 0 0 9 9 0 9 0 9 0 0 0 0 9 9 0 9 0 9 0 0 0 0 9 9 0 9 0 9 0 0 0 0 9 9 0 9 0 9 0 0 0 0 9 9 0 9 0 9 0 0 0 0 9 9 0 9 0 9 0 0 0 0 9 9 0 9 0 9 0 0 0 0 9 9 0 9 0 9 0 0 0 0 9 9 0 9 0 9 0 0 0 0 9 9 0 9 0 9 0 0 0 0 9 9 0 9 0 9 0 0 0 0 9 9 0 9 0 9 0 0 0 0 9 9 0 9 0 9 0 0 0 0 9 9 0 9 0 9 0 0 0 0 9 9 0 9 0 9 0 0 0 0 9 9 0 9 0 9 0 0 0 0 9 9 0 9 0 9 0 0 0 0 9 9 0 9 0 9
0 0 9 0 9 9 0 0 0 0 0 0 0 0 9 9 0 9 0 9 0 0 0 0 9 9 0 9 0 9 0 0 0 0 9 9 0 9 0 9 0 0 0 0 9 9 0 9 0 9 0 0 0 0 9 9 0 9 0 9 0 0 0 0 9 9 0 9 0 9 0 0 0 0 9 9 0 9 0 9 0 0 0 0 9 9 0 9 0 9 0 0 0 0 9 9 0 9 0 9 0 0 0 0 9 9 0 9 0 9 0 0 0 0 9 9 0 9 0 9 0 0 0 0 9 9 0 9 0 9 0 0 0 0 9 9 0 9 0 9 0 0 0 0 9 9 0 9 0 9 0 0 0 0 9 9 0 9 0 9 0 0 0 0 9 9 0 9 0 9 0 0 0 0 9 9 0 9 0 9 0 0 0 0 9 9 0 9 0 9 0 0 0 0 9 9 0 9 0 9
0 1 0 0 9 0 9 9 9 9 0 0 0 0 9 9 0 9 0 9 0 0 0 0 9 9 0 9 0 9 0 0 0 0 9 9 0 9 0 9 0 0 0 0 9 9 0 9 0 9 0 0 0 0 9 9 0 9 0 9 0 0 0 0 9 9 0 9 0 9 0 0 0 0 9 9 0 9 0 9 0 0 0 0 9 9 0 9 0 9 0 0 0 0 9 9 0 9 0 9 0 0 0 0 9 9 0 9 0 9 0 0 0 0 9 9 0 9 0 9 0 0 0 0 9 9 0 9 0 9 0 0 0 0 9 9 0 9 0 9 0 0 0 0 9 9 0 9 0 9 0 0 0 0 9 9 0 9 0 9 0 0 0 0 9 9 0 9 0 9 0 0 0 0 9 9 0 9 0 9 0 0 0 0 9 9 0 9 0 9 0 0 0 0 9 9 0 9 0 9
0 0 9 0 9 9 0 0 0 0 0 0 0 0 9 9 0 9 0 9 0 0 0 0 9 9 0 9 0 9 0 0 0 0 9 9 0 9 0 9 0 0 0 0 9 9 0 9 0 9 0 0 0 0 9 9 0 9 0 9 0 0 0 0 9 9 0 9 0 9 0 0 0 0 9 9 0 9 0 9 0 0 0 0 9 9 0 9 0 9 0 0 0 0 9 9 0 9 0 9 0 0 0 0 9 9 0 9 0 9 0 0 0 0 9 9 0 9 0 9 0 0 0 0 9 9 0 9 0 9 0 0 0 0 9 9 0 9 0 9 0 0 0 0 9 9 0 9 0 9 0 0 0 0 9 9 0 9 0 9 0 0 0 0 9 9 0 9 0 9 0 0 0 0 9 9 0 9 0 9 0 0 0 0 9 9 0 9 0 9 0 0 0 0 9 9 0 9 0 9
0 1 0 0 9 0 9 9 9 9 0 0 0 0 9 9 0 9 0 9 0 0 0 0 9 9 0 9 0 9 0 0 0 0 9 9 0 9 0 9 0 0 0 0 9 9 0 9 0 9 0 0 0 0 9 9 0 9 0 9 0 0 0 0 9 9 0 9 0 9 0 0 0 0 9 9 0 9 0 9 0 0 0 0 9 9 0 9 0 9 0 0 0 0 9 9 0 9 0 9 0 0 0 0 9 9 0 9 0 9 0 0 0 0 9 9 0 9 0 9 0 0 0 0 9 9 0 9 0 9 0 0 0 0 9 9 0 9 0 9 0 0 0 0 9 9 0 9 0 9 0 0 0 0 9 9 0 9 0 9 0 0 0 0 9 9 0 9 0 9 0 0 0 0 9 9 0 9 0 9 0 0 0 0 9 9 0 9 0 9 0 0 0 0 9 9 0 9 0 9
0 0 9 0 9 9 0 0 0 0 0 0 0 0 9 9 0 9 0 9 0 0 0 0 9 9 0 9 0 9 0 0 0 0 9 9 0 9 0 9 0 0 0 0 9 9 0 9 0 9 0 0 0 0 9 9 0 9 0 9 0 0 0 0 9 9 0 9 0 9 0 0 0 0 9 9 0 9 0 9 0 0 0 0 9 9 0 9 0 9 0 0 0 0 9 9 0 9 0 9 0 0 0 0 9 9 0 9 0 9 0 0 0 0 9 9 0 9 0 9 0 0 0 0 9 9 0 9 0 9 0 0 0 0 9 9 0 9 0 9 0 0 0 0 9 9 0 9 0 9 0 0 0 0 9 9 0 9 0 9 0 0 0 0 9 9 0 9 0 9 0 0 0 0 9 9 0 9 0 9 0 0 0 0 9 9 0 9 0 9 0 0 0 0 9 9 0 9 0 9
0 1 0 0 9 0 9 9 9 9 0 0 0 0 9 9 0 9 0 9 0 0 0 0 9 9 0 9 0 9 0 0 0 0 9 9 0 9 0 9 0 0 0 0 9 9 0 9 0 9 0 0 0 0 9 9 0 9 0 9 0 0 0 0 9 9 0 9 0 9 0 0 0 0 9 9 0 9 0 9 0 0 0 0 9 9 0 9 0 9 0 0 0 0 9 9 0 9 0 9 0 0 0 0 9 9 0 9 0 9 0 0 0 0 9 9 0 9 0 9 0 0 0 0 9 9 0 9 0 9 0 0 0 0 9 9 0 9 0 9 0 0 0 0 9 9 0 9 0 9 0 0 0 0 9 9 0 9 0 9 0 0 0 0 9 9 0 9 0 9 0 0 0 0 9 9 0 9 0 9 0 0 0 0 9 9 0 9 0 9 0 0 0 0 9 9 0 9 0 9
0 0 9 0 9 9 0 0 0 0 0 0 0 0 9 9 0 9 0 9 0 0 0 0 9 9 0 9 0 9 0 0 0 0 9 9 0 9 0 9 0 0 0 0 9 9 0 9 0 9 0 0 0 0 9 9 0 9 0 9 0 0 0 0 9 9 0 9 0 9 0 0 0 0 9 9 0 9 0 9 0 0 0 0 9 9 0 9 0 9 0 0 0 0 9 9 0 9 0 9 0 0 0 0 9 9 0 9 0 9 0 0 0 0 9 9 0 9 0 9 0 0 0 0 9 9 0 9 0 9 0 0 0 0 9 9 0 9 0 9 0 0 0 0 9 9 0 9 0 9 0 0 0 0 9 9 0 9 0 9 0 0 0 0 9 9 0 9 0 9 0 0 0 0 9 9 0 9 0 9 0 0 0 0 9 9 0 9 0 9 0 0 0 0 9 9 0 9 0 9
0 1 0 0 9 0 9 9 9 9 0 0 0 0 9 9 0 9 0 9 0 0 0 0 9 9 0 9 0 9 0 0 0 0 9 9 0 9 0 9 0 0 0 0 9 9 0 9 0 9 0 0 0 0 9 9 0 9 0 9 0 0 0 0 9 9 0 9 0 9 0 0 0 0 9 9 0 9 0 9 0 0 0 0 9 9 0 9 0 9 0 0 0 0 9 9 0 9 0 9 0 0 0 0 9 9 0 9 0 9 0 0 0 0 9 9 0 9 0 9 0 0 0 0 9 9 0 9 0 9 0 0 0 0 9 9 0 9 0 9 0 0 0 0 9 9 0 9 0 9 0 0 0 0 9 9 0 9 0 9 0 0 0 0 9 9 0 9 0 9 0 0 0 0 9 9 0 9 0 9 0 0 0 0 9 9 0 9 0 9 0 0 0 0 9 9 0 9 0 9
0 0 9 0 9 9 0 0 0 0 0 0 0 0 9 9 0 9 0 9 0 0 0 0 9 9 0 9 0 9 0 0 0 0 9 9 0 9 0 9 0 0 0 0 9 9 0 9 0 9 0 0 0 0 9 9 0 9 0 9 0 0 0 0 9 9 0 9 0 9 0 0 0 0 9 9 0 9 0 9 0 0 0 0 9 9 0 9 0 9 0 0 0 0 9 9 0 9 0 9 0 0 0 0 9 9 0 9 0 9 0 0 0 0 9 9 0 9 0 9 0 0 0 0 9 9 0 9 0 9 0 0 0 0 9 9 0 9 0 9 0 0 0 0 9 9 0 9 0 9 0 0 0 0 9 9 0 9 0 9 0 0 0 0 9 9 0 9 0 9 0 0 0 0 9 9 0 9 0 9 0 0 0 0 9 9 0 9 0 9 0 0 0 0 9 9 0 9 0 9
0 1 0 0 9 0 9 9 9 9 0 0 0 0 9 9 0 9 0 9 0 0 0 0 9 9 0 9 0 9 0 0 0 0 9 9 0 9 0 9 0 0 0 0 9 9 0 9 0 9 0 0 0 0 9 9 0 9 0 9 0 0 0 0 9 9 0 9 0 9 0 0 0 0 9 9 0 9 0 9 0 0 0 0 9 9 0 9 0 9 0 0 0 0 9 9 0 9 0 9 0 0 0 0 9 9 0 9 0 9 0 0 0 0 9 9 0 9 0 9 0 0 0 0 9 9 0 9 0 9 0 0 0 0 9 9 0 9 0 9 0 0 0 0 9 9 0 9 0 9 0 0 0 0 9 9 0 9 0 9 0 0 0 0 9 9 0 9 0 9 0 0 0 0 9 9 0 9 0 9 0 0 0 0 9 9 0 9 0 9 0 0 0 0 9 9 0 9 0 9
0 0 9 0 9 9 0 0 0 0 0 0 0 0 9 9 0 9 0 9 0 0 0 0 9 9 0 9 0 9 0 0 0 0 9 9 0 9 0 9 0 0 0 0 9 9 0 9 0 9 0 0 0 0 9 9 0 9 0 9 0 0 0 0 9 9 0 9 0 9 0 0 0 0 9 9 0 9 0 9 0 0 0 0 9 9 0 9 0 9 0 0 0 0 9 9 0 9 0 9 0 0 0 0 9 9 0 9 0 9 0 0 0 0 9 9 0 9 0 9 0 0 0 0 9 9 0 9 0 9 0 0 0 0 9 9 0 9 0 9 0 0 0 0 9 9 0 9 0 9 0 0 0 0 9 9 0 9 0 9 0 0 0 0 9 9 0 9 0 9 0 0 0 0 9 9 0 9 0 9 0 0 0 0 9 9 0 9 0 9 0 0 0 0 9 9 0 9 0 9
0 1 0 0 9 0 9 9 9 9 0 0 0 0 9 9 0 9 0 9 0 0 0 0 9 9 0 9 0 9 0 0 0 0 9 9 0 9 0 9 0 0 0 0 9 9 0 9 0 9 0 0 0 0 9 9 0 9 0 9 0 0 0 0 9 9 0 9 0 9 0 0 0 0 9 9 0 9 0 9 0 0 0 0 9 9 0 9 0 9 0 0 0 0 9 9 0 9 0 9 0 0 0 0 9 9 0 9 0 9 0 0 0 0 9 9 0 9 0 9 0 0 0 0 9 9 0 9 0 9 0 0 0 0 9 9 0 9 0 9 0 0 0 0 9 9 0 9 0 9 0 0 0 0 9 9 0 9 0 9 0 0 0 0 9 9 0 9 0 9 0 0 0 0 9 9 0 9 0 9 0 0 0 0 9 9 0 9 0 9 0 0 0 0 9 9 0 9 0 9
0 0 9 0 9 9 0 0 0 0 0 0 0 0 9 9 0 9 0 9 0 0 0 0 9 9 0 9 0 9 0 0 0 0 9 9 0 9 0 9 0 0 0 0 9 9 0 9 0 9 0 0 0 0 9 9 0 9 0 9 0 0 0 0 9 9 0 9 0 9 0 0 0 0 9 9 0 9 0 9 0 0 0 0 9 9 0 9 0 9 0 0 0 0 9 9 0 9 0 9 0 0 0 0 9 9 0 9 0 9 0 0 0 0 9 9 0 9 0 9 0 0 0 0 9 9 0 9 0 9 0 0 0 0 9 9 0 9 0 9 0 0 0 0 9 9 0 9 0 9 0 0 0 0 9 9 0 9 0 9 0 0 0 0 9 9 0 9 0 9 0 0 0 0 9 9 0 9 0 9 0 0 0 0 9 9 0 9 0 9 0 0 0 0 9 9 0 9 0 9
0 1 0 0 9 0 9 9 9 9 0 0 0 0 9 9 0 9 0 9 0 0 0 0 9 9 0 9 0 9 0 0 0 0 9 9 0 9 0 9 0 0 0 0 9 9 0 9 0 9 0 0 0 0 9 9 0 9 0 9 0 0 0 0 9 9 0 9 0 9 0 0 0 0 9 9 0 9 0 9 0 0 0 0 9 9 0 9 0 9 0 0 0 0 9 9 0 9 0 9 0 0 0 0 9 9 0 9 0 9 0 0 0 0 9 9 0 9 0 9 0 0 0 0 9 9 0 9 0 9 0 0 0 0 9 9 0 9 0 9 0 0 0 0 9 9 0 9 0 9 0 0 0 0 9 9 0 9 0 9 0 0 0 0 9 9 0 9 0 9 0 0 0 0 9 9 0 9 0 9 0 0 0 0 9 9 0 9 0 9 0 0 0 0 9 9 0 9 0 9
0 0 9 0 9 9 0 0 0 0 0 0 0 0 9 9 0 9 0 9 0 0 0 0 9 9 0 9 0 9 0 0 0 0 9 9 0 9 0 9 0 0 0 0 9 9 0 9 0 9 0 0 0 0 9 9 0 9 0 9 0 0 0 0 9 9 0 9 0 9 0 0 0 0 9 9 0 9 0 9 0 0 0 0 9 9 0 9 0 9 0 0 0 0 9 9 0 9 0 9 0 0 0 0 9 9 0 9 0 9 0 0 0 0 9 9 0 9 0 9 0 0 0 0 9 9 0 9 0 9 0 0 0 0 9 9 0 9 0 9 0 0 0 0 9 9 0 9 0 9 0 0 0 0 9 9 0 9 0 9 0 0 0 0 9 9 0 9 0 9 0 0 0 0 9 9 0 9 0 9 0 0 0 0 9 9 0 9 0 9 0 0 0 0 9 9 0 9 0 9
0 1 0 0 9 0 9 9 9 9 0 0 0 0 9 9 0 9 0 9 0 0 0 0 9 9 0 9 0 9 0 0 0 0 9 9 0 9 0 9 0 0 0 0 9 9 0 9 0 9 0 0 0 0 9 9 0 9 0 9 0 0 0 0 9 9 0 9 0 9 0 0 0 0 9 9 0 9 0 9 0 0 0 0 9 9 0 9 0 9 0 0 0 0 9 9 0 9 0 9 0 0 0 0 9 9 0 9 0 9 0 0 0 0 9 9 0 9 0 9 0 0 0 0 9 9 0 9 0 9 0 0 0 0 9 9 0 9 0 9 0 0 0 0 9 9 0 9 0 9 0 0 0 0 9 9 0 9 0 9 0 0 0 0 9 9 0 9 0 9 0 0 0 0 9 9 0 9 0 9 0 0 0 0 9 9 0 9 0 9 0 0 0 0 9 9 0 9 0 9
0 0 9 0 9 9 0 0 0 0 0 0 0 0 9 9 0 9 0 9 0 0 0 0 9 9 0 9 0 9 0 0 0 0 9 9 0 9 0 9 0 0 0 0 9 9 0 9 0 9 0 0 0 0 9 9 0 9 0 9 0 0 0 0 9 9 0 9 0 9 0 0 0 0 9 9 0 9 0 9 0 0 0 0 9 9 0 9 0 9 0 0 0 0 9 9 0 9 0 9 0 0 0 0 9 9 0 9 0 9 0 0 0 0 9 9 0 9 0 9 0 0 0 0 9 9 0 9 0 9 0 0 0 0 9 9 0 9 0 9 0 0 0 0 9 9 0 9 0 9 0 0 0 0 9 9 0 9 0 9 0 0 0 0 9 9 0 9 0 9 0 0 0 0 9 9 0 9 0 9 0 0 0 0 9 9 0 9 0 9 0 0 0 0 9 9 0 9 0 9
0 1 0 0 9 0 9 9 9 9 0 0 0 0 9 9 0 9 0 9 0 0 0 0 9 9 0 9 0 9 0 0 0 0 9 9 0 9 0 9 0 0 0 0 9 9 0 9 0 9 0 0 0 0 9 9 0 9 0 9 0 0 0 0 9 9 0 9 0 9 0 0 0 0 9 9 0 9 0 9 0 0 0 0 9 9 0 9 0 9 0 0 0 0 9 9 0 9 0 9 0 0 0 0 9 9 0 9 0 9 0 0 0 0 9 9 0 9 0 9 0 0 0 0 9 9 0 9 0 9 0 0 0 0 9 9 0 9 0 9 0 0 0 0 9 9 0 9 0 9 0 0 0 0 9 9 0 9 0 9 0 0 0 0 9 9 0 9 0 9 0 0 0 0 9 9 0 9 0 9 0 0 0 0 9 9 0 9 0 9 0 0 0 0 9 9 0 9 0 9
0 0 9 0 9 9 0 0 0 0 0 0 0 0 9 9 0 9 0 9 0 0 0 0 9 9 0 9 0 9 0 0 0 0 9 9 0 9 0 9 0 0 0 0 9 9 0 9 0 9 0 0 0 0 9 9 0 9 0 9 0 0 0 0 9 9 0 9 0 9 0 0 0 0 9 9 0 9 0 9 0 0 0 0 9 9 0 9 0 9 0 0 0 0 9 9 0 9 0 9 0 0 0 0 9 9 0 9 0 9 0 0 0 0 9 9 0 9 0 9 0 0 0 0 9 9 0 9 0 9 0 0 0 0 9 9 0 9 0 9 0 0 0 0 9 9 0 9 0 9 0 0 0 0 9 9 0 9 0 9 0 0 0 0 9 9 0 9 0 9 0 0 0 0 9 9 0 9 0 9 0 0 0 0 9 9 0 9 0 9 0 0 0 0 9 9 0 9 0 9
0 1 0 0 9 0 9 9 9 9 0 0 0 0 9 9 0 9 0 9 0 0 0 0 9 9 0 9 0 9 0 0 0 0 9 9 0 9 0 9 0 0 0 0 9 9 0 9 0 9 0 0 0 0 9 9 0 9 0 9 0 0 0 0 9 9 0 9 0 9 0 0 0 0 9 9 0 9 0 9 0 0 0 0 9 9 0 9 0 9 0 0 0 0 9 9 0 9 0 9 0 0 0 0 9 9 0 9 0 9 0 0 0 0 9 9 0 9 0 9 0 0 0 0 9 9 0 9 0 9 0 0 0 0 9 9 0 9 0 9 0 0 0 0 9 9 0 9 0 9 0 0 0 0 9 9 0 9 0 9 0 0 0 0 9 9 0 9 0 9 0 0 0 0 9 9 0 9 0 9 0 0 0 0 9 9 0 9 0 9 0 0 0 0 9 9 0 9 0 9
0 0 9 0 9 9 0 0 0 0 0 0 0 0 9 9 0 9 0 9 0 0 0 0 9 9 0 9 0 9 0 0 0 0 9 9 0 9 0 9 0 0 0 0 9 9 0 9 0 9 0 0 0 0 9 9 0 9 0 9 0 0 0 0 9 9 0 9 0 9 0 0 0 0 9 9 0 9 0 9 0 0 0 0 9 9 0 9 0 9 0 0 0 0 9 9 0 9 0 9 0 0 0 0 9 9 0 9 0 9 0 0 0 0 9 9 0 9 0 9 0 0 0 0 9 9 0 9 0 9 0 0 0 0 9 9 0 9 0 9 0 0 0 0 9 9 0 9 0 9 0 0 0 0 9 9 0 9 0 9 0 0 0 0 9 9 0 9 0 9 0 0 0 0 9 9 0 9 0 9 0 0 0 0 9 9 0 9 0 9 0 0 0 0 9 9 0 9 0 9
0 1 0 0 9 0 9 9 9 9 0 0 0 0 9 9 0 9 0 9 0 0 0 0 9 9 0 9 0 9 0 0 0 0 9 9 0 9 0 9 0 0 0 0 9 9 0 9 0 9 0 0 0 0 9 9 0 9 0 9 0 0 0 0 9 9 0 9 0 9 0 0 0 0 9 9 0 9 0 9 0 0 0 0 9 9 0 9 0 9 0 0 0 0 9 9 0 9 0 9 0 0 0 0 9 9 0 9 0 9 0 0 0 0 9 9 0 9 0 9 0 0 0 0 9 9 0 9 0 9 0 0 0 0 9 9 0 9 0 9 0 0 0 0 9 9 0 9 0 9 0 0 0 0 9 9 0 9 0 9 0 0 0 0 9 9 0 9 0 9 0 0 0 0 9 9 0 9 0 9 0 0 0 0 9 9 0 9 0 9 0 0 0 0 9 9 0 9 0 9
0 0 9 0 9 9 0 0 0 0 0 0 0 0 9 9 0 9 0 9 0 0 0 0 9 9 0 9 0 9 0 0 0 0 9 9 0 9 0 9 0 0 0 0 9 9 0 9 0 9 0 0 0 0 9 9 0 9 0 9 0 0 0 0 9 9 0 9 0 9 0 0 0 0 9 9 0 9 0 9 0 0 0 0 9 9 0 9 0 9 0 0 0 0 9 9 0 9 0 9 0 0 0 0 9 9 0 9 0 9 0 0 0 0 9 9 0 9 0 9 0 0 0 0 9 9 0 9 0 9 0 0 0 0 9 9 0 9 0 9 0 0 0 0 9 9 0 9 0 9 0 0 0 0 9 9 0 9 0 9 0 0 0 0 9 9 0 9 0 9 0 0 0 0 9 9 0 9 0 9 0 0 0 0 9 9 0 9 0 9 0 0 0 0 9 9 0 9 0 9
0 1 0 0 9 0 9 9 9 9 0 0 0 0 9 9 0 9 0 9 0 0 0 0 9 9 0 9 0 9 0 0 0 0 9 9 0 9 0 9 0 0 0 0 9 9 0 9 0 9 0 0 0 0 9 9 0 9 0 9 0 0 0 0 9 9 0 9 0 9 0 0 0 0 9 9 0 9 0 9 0 0 0 0 9 9 0 9 0 9 0 0 0 0 9 9 0 9 0 9 0 0 0 0 9 9 0 9 0 9 0 0 0 0 9 9 0 9 0 9 0 0 0 0 9 9 0 9 0 9 0 0 0 0 9 9 0 9 0 9 0 0 0 0 9 9 0 9 0 9 0 0 0 0 9 9 0 9 0 9 0 0 0 0 9 9 0 9 0 9 0 0 0 0 9 9 0 9 0 9 0 0 0 0 9 9 0 9 0 9 0 0 0 0 9 9 0 9 0 9
0 0 9 0 9 9 0 0 0 0 0 0 0 0 9 9 0 9 0 9 0 0 0 0 9 9 0 9 0 9 0 0 0 0 9 9 0 9 0 9 0 0 0 0 9 9 0 9 0 9 0 0 0 0 9 9 0 9 0 9 0 0 0 0 9 9 0 9 0 9 0 0 0 0 9 9 0 9 0 9 0 0 0 0 9 9 0 9 0 9 0 0 0 0 9 9 0 9 0 9 0 0 0 0 9 9 0 9 0 9 0 0 0 0 9 9 0 9 0 9 0 0 0 0 9 9 0 9 0 9 0 0 0 0 9 9 0 9 0 9 0 0 0 0 9 9 0 9 0 9 0 0 0 0 9 9 0 9 0 9 0 0 0 0 9 9 0 9 0 9 0 0 0 0 9 9 0 9 0 9 0 0 0 0 9 9 0 9 0 9 0 0 0 0 9 9 0 9 0 9
0 1 0 0 9 0 9 9 9 9 0 0 0 0 9 9 0 9 0 9 0 0 0 0 9 9 0 9 0 9 0 0 0 0 9 9 0 9 0 9 0 0 0 0 9 9 0 9 0 9 0 0 0 0 9 9 0 9 0 9 0 0 0 0 9 9 0 9 0 9 0 0 0 0 9 9 0 9 0 9 0 0 0 0 9 9 0 9 0 9 0 0 0 0 9 9 0 9 0 9 0 0 0 0 9 9 0 9 0 9 0 0 0 0 9 9 0 9 0 9 0 0 0 0 9 9 0 9 0 9 0 0 0 0 9 9 0 9 0 9 0 0 0 0 9 9 0 9 0 9 0 0 0 0 9 9 0 9 0 9 0 0 0 0 9 9 0 9 0 9 0 0 0 0 9 9 0 9 0 9 0 0 0 0 9 9 0 9 0 9 0 0 0 0 9 9 0 9 0 9
0 0 9 0 9 9 0 0 0 0 0 0 0 0 9 9 0 9 0 9 0 0 0 0 9 9 0 9 0 9 0 0 0 0 9 9 0 9 0 9 0 0 0 0 9 9 0 9 0 9 0 0 0 0 9 9 0 9 0 9 0 0 0 0 9 9 0 9 0 9 0 0 0 0 9 9 0 9 0 9 0 0 0 0 9 9 0 9 0 9 0 0 0 0 9 9 0 9 0 9 0 0 0 0 9 9 0 9 0 9 0 0 0 0 9 9 0 9 0 9 0 0 0 0 9 9 0 9 0 9 0 0 0 0 9 9 0 9 0 9 0 0 0 0 9 9 0 9 0 9 0 0 0 0 9 9 0 9 0 9 0 0 0 0 9 9 0 9 0 9 0 0 0 0 9 9 0 9 0 9 0 0 0 0 9 9 0 9 0 9 0 0 0 0 9 9 0 9 0 9
0 1 0 0 9 0 9 9 9 9 0 0 0 0 9 9 0 9 0 9 0 0 0 0 9 9 0 9 0 9 0 0 0 0 9 9 0 9 0 9 0 0 0 0 9 9 0 9 0 9 0 0 0 0 9 9 0 9 0 9 0 0 0 0 9 9 0 9 0 9 0 0 0 0 9 9 0 9 0 9 0 0 0 0 9 9 0 9 0 9 0 0 0 0 9 9 0 9 0 9 0 0 0 0 9 9 0 9 0 9 0 0 0 0 9 9 0 9 0 9 0 0 0 0 9 9 0 9 0 9 0 0 0 0 9 9 0 9 0 9 0 0 0 0 9 9 0 9 0 9 0 0 0 0 9 9 0 9 0 9 0 0 0 0 9 9 0 9 0 9 0 0 0 0 9 9 0 9 0 9 0 0 0 0 9 9 0 9 0 9 0 0 0 0 9 9 0 9 0 9
0 0 9 0 9 9 0 0 0 0 0 0 0 0 9 9 0 9 0 9 0 0 0 0 9 9 0 9 0 9 0 0 0 0 9 9 0 9 0 9 0 0 0 0 9 9 0 9 0 9 0 0 0 0 9 9 0 9 0 9 0 0 0 0 9 9 0 9 0 9 0 0 0 0 9 9 0 9 0 9 0 0 0 0 9 9 0 9 0 9 0 0 0 0 9 9 0 9 0 9 0 0 0 0 9 9 0 9 0 9 0 0 0 0 9 9 0 9 0 9 0 0 0 0 9 9 0 9 0 9 0 0 0 0 9 9 0 9 0 9 0 0 0 0 9 9 0 9 0 9 0 0 0 0 9 9 0 9 0 9 0 0 0 0 9 9 0 9 0 9 0 0 0 0 9 9 0 9 0 9 0 0 0 0 9 9 0 9 0 9 0 0 0 0 9 9 0 9 0 9
0 1 0 0 9 0 9 9 9 9 0 0 0 0 9 9 0 9 0 9 0 0 0 0 9 9 0 9 0 9 0 0 0 0 9 9 0 9 0 9 0 0 0 0 9 9 0 9 0 9 0 0 0 0 9 9 0 9 0 9 0 0 0 0 9 9 0 9 0 9 0 0 0 0 9 9 0 9 0 9 0 0 0 0 9 9 0 9 0 9 0 0 0 0 9 9 0 9 0 9 0 0 0 0 9 9 0 9 0 9 0 0 0 0 9 9 0 9 0 9 0 0 0 0 9 9 0 9 0 9 0 0 0 0 9 9 0 9 0 9 0 0 0 0 9 9 0 9 0 9 0 0 0 0 9 9 0 9 0 9 0 0 0 0 9 9 0 9 0 9 0 0 0 0 9 9 0 9 0 9 0 0 0 0 9 9 0 9 0 9 0 0 0 0 9 9 0 9 0 9
0 0 9 0 9 9 0 0 0 0 0 0 0 0 9 9 0 9 0 9 0 0 0 0 9 9 0 9 0 9 0 0 0 0 9 9 0 9 0 9 0 0 0 0 9 9 0 9 0 9 0 0 0 0 9 9 0 9 0 9 0 0 0 0 9 9 0 9 0 9 0 0 0 0 9 9 0 9 0 9 0 0 0 0 9 9 0 9 0 9 0 0 0 0 9 9 0 9 0 9 0 0 0 0 9 9 0 9 0 9 0 0 0 0 9 9 0 9 0 9 0 0 0 0 9 9 0 9 0 9 0 0 0 0 9 9 0 9 0 9 0 0 0 0 9 9 0 9 0 9 0 0 0 0 9 9 0 9 0 9 0 0 0 0 9 9 0 9 0 9 0 0 0 0 9 9 0 9 0 9 0 0 0 0 9 9 0 9 0 9 0 0 0 0 9 9 0 9 0 9
0 1 0 0 9 0 9 9 9 9 0 0 0 0 9 9 0 9 0 9 0 0 0 0 9 9 0 9 0 9 0 0 0 0 9 9 0 9 0 9 0 0 0 0 9 9 0 9 0 9 0 0 0 0 9 9 0 9 0 9 0 0 0 0 9 9 0 9 0 9 0 0 0 0 9 9 0 9 0 9 0 0 0 0 9 9 0 9 0 9 0 0 0 0 9 9 0 9 0 9 0 0 0 0 9 9 0 9 0 9 0 0 0 0 9 9 0 9 0 9 0 0 0 0 9 9 0 9 0 9 0 0 0 0 9 9 0 9 0 9 0 0 0 0 9 9 0 9 0 9 0 0 0 0 9 9 0 9 0 9 0 0 0 0 9 9 0 9 0 9 0 0 0 0 9 9 0 9 0 9 0 0 0 0 9 9 0 9 0 9 0 0 0 0 9 9 0 9 0 9
0 0 9 0 9 9 0 0 0 0 0 0 0 0 9 9 0 9 0 9 0 0 0 0 9 9 0 9 0 9 0 0 0 0 9 9 0 9 0 9 0 0 0 0 9 9 0 9 0 9 0 0 0 0 9 9 0 9 0 9 0 0 0 0 9 9 0 9 0 9 0 0 0 0 9 9 0 9 0 9 0 0 0 0 9 9 0 9 0 9 0 0 0 0 9 9 0 9 0 9 0 0 0 0 9 9 0 9 0 9 0 0 0 0 9 9 0 9 0 9 0 0 0 0 9 9 0 9 0 9 0 0 0 0 9 9 0 9 0 9 0 0 0 0 9 9 0 9 0 9 0 0 0 0 9 9 0 9 0 9 0 0 0 0 9 9 0 9 0 9 0 0 0 0 9 9 0 9 0 9 0 0 0 0 9 9 0 9 0 9 0 0 0 0 9 9 0 9 0 9
0 1 0 0 9 0 9 9 9 9 0 0 0 0 9 9 0 9 0 9 0 0 0 0 9 9 0 9 0 9 0 0 0 0 9 9 0 9 0 9 0 0 0 0 9 9 0 9 0 9 0 0 0 0 9 9 0 9 0 9 0 0 0 0 9 9 0 9 0 9 0 0 0 0 9 9 0 9 0 9 0 0 0 0 9 9 0 9 0 9 0 0 0 0 9 9 0 9 0 9 0 0 0 0 9 9 0 9 0 9 0 0 0 0 9 9 0 9 0 9 0 0 0 0 9 9 0 9 0 9 0 0 0 0 9 9 0 9 0 9 0 0 0 0 9 9 0 9 0 9 0 0 0 0 9 9 0 9 0 9 0 0 0 0 9 9 0 9 0 9 0 0 0 0 9 9 0 9 0 9 0 0 0 0 9 9 0 9 0 9 0 0 0 0 9 9 0 9 0 9
0 0 9 0 9 9 0 0 0 0 0 0 0 0 9 9 0 9 0 9 0 0 0 0 9 9 0 9 0 9 0 0 0 0 9 9 0 9 0 9 0 0 0 0 9 9 0 9 0 9 0 0 0 0 9 9 0 9 0 9 0 0 0 0 9 9 0 9 0 9 0 0 0 0 9 9 0 9 0 9 0 0 0 0 9 9 0 9 0 9 0 0 0 0 9 9 0 9 0 9 0 0 0 0 9 9 0 9 0 9 0 0 0 0 9 9 0 9 0 9 0 0 0 0 9 9 0 9 0 9 0 0 0 0 9 9 0 9 0 9 0 0 0 0 9 9 0 9 0 9 0 0 0 0 9 9 0 9 0 9 0 0 0 0 9 9 0 9 0 9 0 0 0 0 9 9 0 9 0 9 0 0 0 0 9 9 0 9 0 9 0 0 0 0 9 9 0 9 0 9
0 1 0 0 9 0 9 9 9 9 0 0 0 0 9 9 0 9 0 9 0 0 0 0 9 9 0 9 0 9 0 0 0 0 9 9 0 9 0 9 0 0 0 0 9 9 0 9 0 9 0 0 0 0 9 9 0 9 0 9 0 0 0 0 9 9 0 9 0 9 0 0 0 0 9 9 0 9 0 9 0 0 0 0 9 9 0 9 0 9 0 0 0 0 9 9 0 9 0 9 0 0 0 0 9 9 0 9 0 9 0 0 0 0 9 9 0 9 0 9 0 0 0 0 9 9 0 9 0 9 0 0 0 0 9 9 0 9 0 9 0 0 0 0 9 9 0 9 0 9 0 0 0 0 9 9 0 9 0 9 0 0 0 0 9 9 0 9 0 9 0 0 0 0 9 9 0 9 0 9 0 0 0 0 9 9 0 9 0 9 0 0 0 0 9 9 0 9 0 9
0 0 9 0 9 9 0 0 0 0 0 0 0 0 9 9 0 9 0 9 0 0 0 0 9 9 0 9 0 9 0 0 0 0 9 9 0 9 0 9 0 0 0 0 9 9 0 9 0 9 0 0 0 0 9 9 0 9 0 9 0 0 0 0 9 9 0 9 0 9 0 0 0 0 9 9 0 9 0 9 0 0 0 0 9 9 0 9 0 9 0 0 0 0 9 9 0 9 0 9 0 0 0 0 9 9 0 9 0 9 0 0 0 0 9 9 0 9 0 9 0 0 0 0 9 9 0 9 0 9 0 0 0 0 9 9 0 9 0 9 0 0 0 0 9 9 0 9 0 9 0 0 0 0 9 9 0 9 0 9 0 0 0 0 9 9 0 9 0 9 0 0 0 0 9 9 0 9 0 9 0 0 0 0 9 9 0 9 0 9 0 0 0 0 9 9 0 9 0 9
0 1 0 0 9 0 9 9 9 9 0 0 0 0 9 9 0 9 0 9 0 0 0 0 9 9 0 9 0 9 0 0 0 0 9 9 0 9 0 9 0 0 0 0 9 9 0 9 0 9 0 0 0 0 9 9 0 9 0 9 0 0 0 0 9 9 0 9 0 9 0 0 0 0 9 9 0 9 0 9 0 0 0 0 9 9 0 9 0 9 0 0 0 0 9 9 0 9 0 9 0 0 0 0 9 9 0 9 0 9 0 0 0 0 9 9 0 9 0 9 0 0 0 0 9 9 0 9 0 9 0 0 0 0 9 9 0 9 0 9 0 0 0 0 9 9 0 9 0 9 0 0 0 0 9 9 0 9 0 9 0 0 0 0 9 9 0 9 0 9 0 0 0 0 9 9 0 9 0 9 0 0 0 0 9 9 0 9 0 9 0 0 0 0 9 9 0 9 0 9
0 0 9 0 9 9 0 0 0 0 0 0 0 0 9 9 0 9 0 9 0 0 0 0 9 9 0 9 0 9 0 0 0 0 9 9 0 9 0 9 0 0 0 0 9 9 0 9 0 9 0 0 0 0 9 9 0 9 0 9 0 0 0 0 9 9 0 9 0 9 0 0 0 0 9 9 0 9 0 9 0 0 0 0 9 9 0 9 0 9 0 0 0 0 9 9 0 9 0 9 0 0 0 0 9 9 0 9 0 9 0 0 0 0 9 9 0 9 0 9 0 0 0 0 9 9 0 9 0 9 0 0 0 0 9 9 0 9 0 9 0 0 0 0 9 9 0 9 0 9 0 0 0 0 9 9 0 9 0 9 0 0 0 0 9 9 0 9 0 9 0 0 0 0 9 9 0 9 0 9 0 0 0 0 9 9 0 9 0 9 0 0 0 0 9 9 0 9 0 9
0 1 0 0 9 0 9 9 9 9 0 0 0 0 9 9 0 9 0 9 0 0 0 0 9 9 0 9 0 9 0 0 0 0 9 9 0 9 0 9 0 0 0 0 9 9 0 9 0 9 0 0 0 0 9 9 0 9 0 9 0 0 0 0 9 9 0 9 0 9 0 0 0 0 9 9 0 9 0 9 0 0 0 0 9 9 0 9 0 9 0 0 0 0 9 9 0 9 0 9 0 0 0 0 9 9 0 9 0 9 0 0 0 0 9 9 0 9 0 9 0 0 0 0 9 9 0 9 0 9 0 0 0 0 9 9 0 9 0 9 0 0 0 0 9 9 0 9 0 9 0 0 0 0 9 9 0 9 0 9 0 0 0 0 9 9 0 9 0 9 0 0 0 0 9 9 0 9 0 9 0 0 0 0 9 9 0 9 0 9 0 0 0 0 9 9 0 9 0 9
0 0 9 0 9 9 0 0 0 0 0 0 0 0 9 9 0 9 0 9 0 0 0 0 9 9 0 9 0 9 0 0 0 0 9 9 0 9 0 9 0 0 0 0 9 9 0 9 0 9 0 0 0 0 9 9 0 9 0 9 0 0 0 0 9 9 0 9 0 9 0 0 0 0 9 9 0 9 0 9 0 0 0 0 9 9 0 9 0 9 0 0 0 0 9 9 0 9 0 9 0 0 0 0 9 9 0 9 0 9 0 0 0 0 9 9 0 9 0 9 0 0 0 0 9 9 0 9 0 9 0 0 0 0 9 9 0 9 0 9 0 0 0 0 9 9 0 9 0 9 0 0 0 0 9 9 0 9 0 9 0 0 0 0 9 9 0 9 0 9 0 0 0 0 9 9 0 9 0 9 0 0 0 0 9 9 0 9 0 9 0 0 0 0 9 9 0 9 0 9
0 1 0 0 9 0 9 9 9 9 0 0 0 0 9 9 0 9 0 9 0 0 0 0 9 9 0 9 0 9 0 0 0 0 9 9 0 9 0 9 0 0 0 0 9 9 0 9 0 9 0 0 0 0 9 9 0 9 0 9 0 0 0 0 9 9 0 9 0 9 0 0 0 0 9 9 0 9 0 9 0 0 0 0 9 9 0 9 0 9 0 0 0 0 9 9 0 9 0 9 0 0 0 0 9 9 0 9 0 9 0 0 0 0 9 9 0 9 0 9 0 0 0 0 9 9 0 9 0 9 0 0 0 0 9 9 0 9 0 9 0 0 0 0 9 9 0 9 0 9 0 0 0 0 9 9 0 9 0 9 0 0 0 0 9 9 0 9 0 9 0 0 0 0 9 9 0 9 0 9 0 0 0 0 9 9 0 9 0 9 0 0 0 0 9 9 0 9 0 9
0 0 9 0 9 9 0 0 0 0 0 0 0 0 9 9 0 9 0 9 0 0 0 0 9 9 0 9 0 9 0 0 0 0 9 9 0 9 0 9 0 0 0 0 9 9 0 9 0 9 0 0 0 0 9 9 0 9 0 9 0 0 0 0 9 9 0 9 0 9 0 0 0 0 9 9 0 9 0 9 0 0 0 0 9 9 0 9 0 9 0 0 0 0 9 9 0 9 0 9 0 0 0 0 9 9 0 9 0 9 0 0 0 0 9 9 0 9 0 9 0 0 0 0 9 9 0 9 0 9 0 0 0 0 9 9 0 9 0 9 0 0 0 0 9 9 0 9 0 9 0 0 0 0 9 9 0 9 0 9 0 0 0 0 9 9 0 9 0 9 0 0 0 0 9 9 0 9 0 9 0 0 0 0 9 9 0 9 0 9 0 0 0 0 9 9 0 9 0 9
0 1 0 0 9 0 9 9 9 9 0 0 0 0 9 9 0 9 0 9 0 0 0 0 9 9 0 9 0 9 0 0 0 0 9 9 0 9 0 9 0 0 0 0 9 9 0 9 0 9 0 0 0 0 9 9 0 9 0 9 0 0 0 0 9 9 0 9 0 9 0 0 0 0 9 9 0 9 0 9 0 0 0 0 9 9 0 9 0 9 0 0 0 0 9 9 0 9 0 9 0 0 0 0 9 9 0 9 0 9 0 0 0 0 9 9 0 9 0 9 0 0 0 0 9 9 0 9 0 9 0 0 0 0 9 9 0 9 0 9 0 0 0 0 9 9 0 9 0 9 0 0 0 0 9 9 0 9 0 9 0 0 0 0 9 9 0 9 0 9 0 0 0 0 9 9 0 9 0 9 0 0 0 0 9 9 0 9 0 9 0 0 0 0 9 9 0 9 0 9
0 0 9 0 9 9 0 0 0 0 0 0 0 0 9 9 0 9 0 9 0 0 0 0 9 9 0 9 0 9 0 0 0 0 9 9 0 9 0 9 0 0 0 0 9 9 0 9 0 9 0 0 0 0 9 9 0 9 0 9 0 0 0 0 9 9 0 9 0 9 0 0 0 0 9 9 0 9 0 9 0 0 0 0 9 9 0 9 0 9 0 0 0 0 9 9 0 9 0 9 0 0 0 0 9 9 0 9 0 9 0 0 0 0 9 9 0 9 0 9 0 0 0 0 9 9 0 9 0 9 0 0 0 0 9 9 0 9 0 9 0 0 0 0 9 9 0 9 0 9 0 0 0 0 9 9 0 9 0 9 0 0 0 0 9 9 0 9 0 9 0 0 0 0 9 9 0 9 0 9 0 0 0 0 9 9 0 9 0 9 0 0 0 0 9 9 0 9 0 9
0 1 0 0 9 0 9 9 9 9 0 0 0 0 9 9 0 9 0 9 0 0 0 0 9 9 0 9 0 9 0 0 0 0 9 9 0 9 0 9 0 0 0 0 9 9 0 9 0 9 0 0 0 0 9 9 0 9 0 9 0 0 0 0 9 9 0 9 0 9 0 0 0 0 9 9 0 9 0 9 0 0 0 0 9 9 0 9 0 9 0 0 0 0 9 9 0 9 0 9 0 0 0 0 9 9 0 9 0 9 0 0 0 0 9 9 0 9 0 9 0 0 0 0 9 9 0 9 0 9 0 0 0 0 9 9 0 9 0 9 0 0 0 0 9 9 0 9 0 9 0 0 0 0 9 9 0 9 0 9 0 0 0 0 9 9 0 9 0 9 0 0 0 0 9 9 0 9 0 9 0 0 0 0 9 9 0 9 0 9 0 0 0 0 9 9 0 9 0 9
0 0 9 0 9 9 0 0 0 0 0 0 0 0 9 9 0 9 0 9 0 0 0 0 9 9 0 9 0 9 0 0 0 0 9 9 0 9 0 9 0 0 0 0 9 9 0 9 0 9 0 0 0 0 9 9 0 9 0 9 0 0 0 0 9 9 0 9 0 9 0 0 0 0 9 9 0 9 0 9 0 0 0 0 9 9 0 9 0 9 0 0 0 0 9 9 0 9 0 9 0 0 0 0 9 9 0 9 0 9 0 0 0 0 9 9 0 9 0 9 0 0 0 0 9 9 0 9 0 9 0 0 0 0 9 9 0 9 0 9 0 0 0 0 9 9 0 9 0 9 0 0 0 0 9 9 0 9 0 9 0 0 0 0 9 9 0 9 0 9 0 0 0 0 9 9 0 9 0 9 0 0 0 0 9 9 0 9 0 9 0 0 0 0 9 9 0 9 0 9
0 1 0 0 9 0 9 9 9 9 0 0 0 0 9 9 0 9 0 9 0 0 0 0 9 9 0 9 0 9 0 0 0 0 9 9 0 9 0 9 0 0 0 0 9 9 0 9 0 9 0 0 0 0 9 9 0 9 0 9 0 0 0 0 9 9 0 9 0 9 0 0 0 0 9 9 0 9 0 9 0 0 0 0 9 9 0 9 0 9 0 0 0 0 9 9 0 9 0 9 0 0 0 0 9 9 0 9 0 9 0 0 0 0 9 9 0 9 0 9 0 0 0 0 9 9 0 9 0 9 0 0 0 0 9 9 0 9 0 9 0 0 0 0 9 9 0 9 0 9 0 0 0 0 9 9 0 9 0 9 0 0 0 0 9 9 0 9 0 9 0 0 0 0 9 9 0 9 0 9 0 0 0 0 9 9 0 9 0 9 0 0 0 0 9 9 0 9 0 9
0 0 9 0 9 9 0 0 0 0 0 0 0 0 9 9 0 9 0 9 0 0 0 0 9 9 0 9 0 9 0 0 0 0 9 9 0 9 0 9 0 0 0 0 9 9 0 9 0 9 0 0 0 0 9 9 0 9 0 9 0 0 0 0 9 9 0 9 0 9 0 0 0 0 9 9 0 9 0 9 0 0 0 0 9 9 0 9 0 9 0 0 0 0 9 9 0 9 0 9 0 0 0 0 9 9 0 9 0 9 0 0 0 0 9 9 0 9 0 9 0 0 0 0 9 9 0 9 0 9 0 0 0 0 9 9 0 9 0 9 0 0 0 0 9 9 0 9 0 9 0 0 0 0 9 9 0 9 0 9 0 0 0 0 9 9 0 9 0 9 0 0 0 0 9 9 0 9 0 9 0 0 0 0 9 9 0 9 0 9 0 0 0 0 9 9 0 9 0 9
0 1 0 0 9 0 9 9 9 9 0 0 0 0 9 9 0 9 0 9 0 0 0 0 9 9 0 9 0 9 0 0 0 0 9 9 0 9 0 9 0 0 0 0 9 9 0 9 0 9 0 0 0 0 9 9 0 9 0 9 0 0 0 0 9 9 0 9 0 9 0 0 0 0 9 9 0 9 0 9 0 0 0 0 9 9 0 9 0 9 0 0 0 0 9 9 0 9 0 9 0 0 0 0 9 9 0 9 0 9 0 0 0 0 9 9 0 9 0 9 0 0 0 0 9 9 0 9 0 9 0 0 0 0 9 9 0 9 0 9 0 0 0 0 9 9 0 9 0 9 0 0 0 0 9 9 0 9 0 9 0 0 0 0 9 9 0 9 0 9 0 0 0 0 9 9 0 9 0 9 0 0 0 0 9 9 0 9 0 9 0 0 0 0 9 9 0 9 0 9
0 0 9 0 9 9 0 0 0 0 0 0 0 0 9 9 0 9 0 9 0 0 0 0 9 9 0 9 0 9 0 0 0 0 9 9 0 9 0 9 0 0 0 0 9 9 0 9 0 9 0 0 0 0 9 9 0 9 0 9 0 0 0 0 9 9 0 9 0 9 0 0 0 0 9 9 0 9 0 9 0 0 0 0 9 9 0 9 0 9 0 0 0 0 9 9 0 9 0 9 0 0 0 0 9 9 0 9 0 9 0 0 0 0 9 9 0 9 0 9 0 0 0 0 9 9 0 9 0 9 0 0 0 0 9 9 0 9 0 9 0 0 0 0 9 9 0 9 0 9 0 0 0 0 9 9 0 9 0 9 0 0 0 0 9 9 0 9 0 9 0 0 0 0 9 9 0 9 0 9 0 0 0 0 9 9 0 9 0 9 0 0 0 0 9 9 0 9 0 9
0 1 0 0 9 0 9 9 9 9 0 0 0 0 9 9 0 9 0 9 0 0 0 0 9 9 0 9 0 9 0 0 0 0 9 9 0 9 0 9 0 0 0 0 9 9 0 9 0 9 0 0 0 0 9 9 0 9 0 9 0 0 0 0 9 9 0 9 0 9 0 0 0 0 9 9 0 9 0 9 0 0 0 0 9 9 0 9 0 9 0 0 0 0 9 9 0 9 0 9 0 0 0 0 9 9 0 9 0 9 0 0 0 0 9 9 0 9 0 9 0 0 0 0 9 9 0 9 0 9 0 0 0 0 9 9 0 9 0 9 0 0 0 0 9 9 0 9 0 9 0 0 0 0 9 9 0 9 0 9 0 0 0 0 9 9 0 9 0 9 0 0 0 0 9 9 0 9 0 9 0 0 0 0 9 9 0 9 0 9 0 0 0 0 9 9 0 9 0 9
0 0 9 0 9 9 0 0 0 0 0 0 0 0 9 9 0 9 0 9 0 0 0 0 9 9 0 9 0 9 0 0 0 0 9 9 0 9 0 9 0 0 0 0 9 9 0 9 0 9 0 0 0 0 9 9 0 9 0 9 0 0 0 0 9 9 0 9 0 9 0 0 0 0 9 9 0 9 0 9 0 0 0 0 9 9 0 9 0 9 0 0 0 0 9 9 0 9 0 9 0 0 0 0 9 9 0 9 0 9 0 0 0 0 9 9 0 9 0 9 0 0 0 0 9 9 0 9 0 9 0 0 0 0 9 9 0 9 0 9 0 0 0 0 9 9 0 9 0 9 0 0 0 0 9 9 0 9 0 9 0 0 0 0 9 9 0 9 0 9 0 0 0 0 9 9 0 9 0 9 0 0 0 0 9 9 0 9 0 9 0 0 0 0 9 9 0 9 0 9
0 1 0 0 9 0 9 9 9 9 0 0 0 0 9 9 0 9 0 9 0 0 0 0 9 9 0 9 0 9 0 0 0 0 9 9 0 9 0 9 0 0 0 0 9 9 0 9 0 9 0 0 0 0 9 9 0 9 0 9 0 0 0 0 9 9 0 9 0 9 0 0 0 0 9 9 0 9 0 9 0 0 0 0 9 9 0 9 0 9 0 0 0 0 9 9 0 9 0 9 0 0 0 0 9 9 0 9 0 9 0 0 0 0 9 9 0 9 0 9 0 0 0 0 9 9 0 9 0 9 0 0 0 0 9 9 0 9 0 9 0 0 0 0 9 9 0 9 0 9 0 0 0 0 9 9 0 9 0 9 0 0 0 0 9 9 0 9 0 9 0 0 0 0 9 9 0 9 0 9 0 0 0 0 9 9 0 9 0 9 0 0 0 0 9 9 0 9 0 9
0 0 9 0 9 9 0 0 0 0 0 0 0 0 9 9 0 9 0 9 0 0 0 0 9 9 0 9 0 9 0 0 0 0 9 9 0 9 0 9 0 0 0 0 9 9 0 9 0 9 0 0 0 0 9 9 0 9 0 9 0 0 0 0 9 9 0 9 0 9 0 0 0 0 9 9 0 9 0 9 0 0 0 0 9 9 0 9 0 9 0 0 0 0 9 9 0 9 0 9 0 0 0 0 9 9 0 9 0 9 0 0 0 0 9 9 0 9 0 9 0 0 0 0 9 9 0 9 0 9 0 0 0 0 9 9 0 9 0 9 0 0 0 0 9 9 0 9 0 9 0 0 0 0 9 9 0 9 0 9 0 0 0 0 9 9 0 9 0 9 0 0 0 0 9 9 0 9 0 9 0 0 0 0 9 9 0 9 0 9 0 0 0 0 9 9 0 9 0 9
0 1 0 0 9 0 9 9 9 9 0 0 0 0 9 9 0 9 0 9 0 0 0 0 9 9 0 9 0 9 0 0 0 0 9 9 0 9 0 9 0 0 0 0 9 9 0 9 0 9 0 0 0 0 9 9 0 9 0 9 0 0 0 0 9 9 0 9 0 9 0 0 0 0 9 9 0 9 0 9 0 0 0 0 9 9 0 9 0 9 0 0 0 0 9 9 0 9 0 9 0 0 0 0 9 9 0 9 0 9 0 0 0 0 9 9 0 9 0 9 0 0 0 0 9 9 0 9 0 9 0 0 0 0 9 9 0 9 0 9 0 0 0 0 9 9 0 9 0 9 0 0 0 0 9 9 0 9 0 9 0 0 0 0 9 9 0 9 0 9 0 0 0 0 9 9 0 9 0 9 0 0 0 0 9 9 0 9 0 9 0 0 0 0 9 9 0 9 0 9
0 0 9 0 9 9 0 0 0 0 0 0 0 0 9 9 0 9 0 9 0 0 0 0 9 9 0 9 0 9 0 0 0 0 9 9 0 9 0 9 0 0 0 0 9 9 0 9 0 9 0 0 0 0 9 9 0 9 0 9 0 0 0 0 9 9 0 9 0 9 0 0 0 0 9 9 0 9 0 9 0 0 0 0 9 9 0 9 0 9 0 0 0 0 9 9 0 9 0 9 0 0 0 0 9 9 0 9 0 9 0 0 0 0 9 9 0 9 0 9 0 0 0 0 9 9 0 9 0 9 0 0 0 0 9 9 0 9 0 9 0 0 0 0 9 9 0 9 0 9 0 0 0 0 9 9 0 9 0 9 0 0 0 0 9 9 0 9 0 9 0 0 0 0 9 9 0 9 0 9 0 0 0 0 9 9 0 9 0 9 0 0 0 0 9 9 0 9 0 9
0 1 0 0 9 0 9 9 9 9 0 0 0 0 9 9 0 9 0 9 0 0 0 0 9 9 0 9 0 9 0 0 0 0 9 9 0 9 0 9 0 0 0 0 9 9 0 9 0 9 0 0 0 0 9 9 0 9 0 9 0 0 0 0 9 9 0 9 0 9 0 0 0 0 9 9 0 9 0 9 0 0 0 0 9 9 0 9 0 9 0 0 0 0 9 9 0 9 0 9 0 0 0 0 9 9 0 9 0 9 0 0 0 0 9 9 0 9 0 9 0 0 0 0 9 9 0 9 0 9 0 0 0 0 9 9 0 9 0 9 0 0 0 0 9 9 0 9 0 9 0 0 0 0 9 9 0 9 0 9 0 0 0 0 9 9 0 9 0 9 0 0 0 0 9 9 0 9 0 9 0 0 0 0 9 9 0 9 0 9 0 0 0 0 9 9 0 9 0 9
0 0 9 0 9 9 0 0 0 0 0 0 0 0 9 9 0 9 0 9 0 0 0 0 9 9 0 9 0 9 0 0 0 0 9 9 0 9 0 9 0 0 0 0 9 9 0 9 0 9 0 0 0 0 9 9 0 9 0 9 0 0 0 0 9 9 0 9 0 9 0 0 0 0 9 9 0 9 0 9 0 0 0 0 9 9 0 9 0 9 0 0 0 0 9 9 0 9 0 9 0 0 0 0 9 9 0 9 0 9 0 0 0 0 9 9 0 9 0 9 0 0 0 0 9 9 0 9 0 9 0 0 0 0 9 9 0 9 0 9 0 0 0 0 9 9 0 9 0 9 0 0 0 0 9 9 0 9 0 9 0 0 0 0 9 9 0 9 0 9 0 0 0 0 9 9 0 9 0 9 0 0 0 0 9 9 0 9 0 9 0 0 0 0 9 9 0 9 0 9
0 1 0 0 9 0 9 9 9 9 0 0 0 0 9 9 0 9 0 9 0 0 0 0 9 9 0 9 0 9 0 0 0 0 9 9 0 9 0 9 0 0 0 0 9 9 0 9 0 9 0 0 0 0 9 9 0 9 0 9 0 0 0 0 9 9 0 9 0 9 0 0 0 0 9 9 0 9 0 9 0 0 0 0 9 9 0 9 0 9 0 0 0 0 9 9 0 9 0 9 0 0 0 0 9 9 0 9 0 9 0 0 0 0 9 9 0 9 0 9 0 0 0 0 9 9 0 9 0 9 0 0 0 0 9 9 0 9 0 9 0 0 0 0 9 9 0 9 0 9 0 0 0 0 9 9 0 9 0 9 0 0 0 0 9 9 0 9 0 9 0 0 0 0 9 9 0 9 0 9 0 0 0 0 9 9 0 9 0 9 0 0 0 0 9 9 0 9 0 9
0 0 9 0 9 9 0 0 0 0 0 0 0 0 9 9 0 9 0 9 0 0 0 0 9 9 0 9 0 9 0 0 0 0 9 9 0 9 0 9 0 0 0 0 9 9 0 9 0 9 0 0 0 0 9 9 0 9 0 9 0 0 0 0 9 9 0 9 0 9 0 0 0 0 9 9 0 9 0 9 0 0 0 0 9 9 0 9 0 9 0 0 0 0 9 9 0 9 0 9 0 0 0 0 9 9 0 9 0 9 0 0 0 0 9 9 0 9 0 9 0 0 0 0 9 9 0 9 0 9 0 0 0 0 9 9 0 9 0 9 0 0 0 0 9 9 0 9 0 9 0 0 0 0 9 9 0 9 0 9 0 0 0 0 9 9 0 9 0 9 0 0 0 0 9 9 0 9 0 9 0 0 0 0 9 9 0 9 0 9 0 0 0 0 9 9 0 9 0 9
0 1 0 0 9 0 9 9 9 9 0 0 0 0 9 9 0 9 0 9 0 0 0 0 9 9 0 9 0 9 0 0 0 0 9 9 0 9 0 9 0 0 0 0 9 9 0 9 0 9 0 0 0 0 9 9 0 9 0 9 0 0 0 0 9 9 0 9 0 9 0 0 0 0 9 9 0 9 0 9 0 0 0 0 9 9 0 9 0 9 0 0 0 0 9 9 0 9 0 9 0 0 0 0 9 9 0 9 0 9 0 0 0 0 9 9 0 9 0 9 0 0 0 0 9 9 0 9 0 9 0 0 0 0 9 9 0 9 0 9 0 0 0 0 9 9 0 9 0 9 0 0 0 0 9 9 0 9 0 9 0 0 0 0 9 9 0 9 0 9 0 0 0 0 9 9 0 9 0 9 0 0 0 0 9 9 0 9 0 9 0 0 0 0 9 9 0 9 0 9
0 0 9 0 9 9 0 0 0 0 0 0 0 0 9 9 0 9 0 9 0 0 0 0 9 9 0 9 0 9 0 0 0 0 9 9 0 9 0 9 0 0 0 0 9 9 0 9 0 9 0 0 0 0 9 9 0 9 0 9 0 0 0 0 9 9 0 9 0 9 0 0 0 0 9 9 0 9 0 9 0 0 0 0 9 9 0 9 0 9 0 0 0 0 9 9 0 9 0 9 0 0 0 0 9 9 0 9 0 9 0 0 0 0 9 9 0 9 0 9 0 0 0 0 9 9 0 9 0 9 0 0 0 0 9 9 0 9 0 9 0 0 0 0 9 9 0 9 0 9 0 0 0 0 9 9 0 9 0 9 0 0 0 0 9 9 0 9 0 9 0 0 0 0 9 9 0 9 0 9 0 0 0 0 9 9 0 9 0 9 0 0 0 0 9 9 0 9 0 9
0 1 0 0 9 0 9 9 9 9 0 0 0 0 9 9 0 9 0 9 0 0 0 0 9 9 0 9 0 9 0 0 0 0 9 9 0 9 0 9 0 0 0 0 9 9 0 9 0 9 0 0 0 0 9 9 0 9 0 9 0 0 0 0 9 9 0 9 0 9 0 0 0 0 9 9 0 9 0 9 0 0 0 0 9 9 0 9 0 9 0 0 0 0 9 9 0 9 0 9 0 0 0 0 9 9 0 9 0 9 0 0 0 0 9 9 0 9 0 9 0 0 0 0 9 9 0 9 0 9 0 0 0 0 9 9 0 9 0 9 0 0 0 0 9 9 0 9 0 9 0 0 0 0 9 9 0 9 0 9 0 0 0 0 9 9 0 9 0 9 0 0 0 0 9 9 0 9 0 9 0 0 0 0 9 9 0 9 0 9 0 0 0 0 9 9 0 9 0 9
0 0 9 0 9 9 0 0 0 0 0 0 0 0 9 9 0 9 0 9 0 0 0 0 9 9 0 9 0 9 0 0 0 0 9 9 0 9 0 9 0 0 0 0 9 9 0 9 0 9 0 0 0 0 9 9 0 9 0 9 0 0 0 0 9 9 0 9 0 9 0 0 0 0 9 9 0 9 0 9 0 0 0 0 9 9 0 9 0 9 0 0 0 0 9 9 0 9 0 9 0 0 0 0 9 9 0 9 0 9 0 0 0 0 9 9 0 9 0 9 0 0 0 0 9 9 0 9 0 9 0 0 0 0 9 9 0 9 0 9 0 0 0 0 9 9 0 9 0 9 0 0 0 0 9 9 0 9 0 9 0 0 0 0 9 9 0 9 0 9 0 0 0 0 9 9 0 9 0 9 0 0 0 0 9 9 0 9 0 9 0 0 0 0 9 9 0 9 0 9
0 1 0 0 9 0 9 9 9 9 0 0 0 0 9 9 0 9 0 9 0 0 0 0 9 9 0 9 0 9 0 0 0 0 9 9 0 9 0 9 0 0 0 0 9 9 0 9 0 9 0 0 0 0 9 9 0 9 0 9 0 0 0 0 9 9 0 9 0 9 0 0 0 0 9 9 0 9 0 9 0 0 0 0 9 9 0 9 0 9 0 0 0 0 9 9 0 9 0 9 0 0 0 0 9 9 0 9 0 9 0 0 0 0 9 9 0 9 0 9 0 0 0 0 9 9 0 9 0 9 0 0 0 0 9 9 0 9 0 9 0 0 0 0 9 9 0 9 0 9 0 0 0 0 9 9 0 9 0 9 0 0 0 0 9 9 0 9 0 9 0 0 0 0 9 9 0 9 0 9 0 0 0 0 9 9 0 9 0 9 0 0 0 0 9 9 0 9 0 9
0 0 9 0 9 9 0 0 0 0 0 0 0 0 9 9 0 9 0 9 0 0 0 0 9 9 0 9 0 9 0 0 0 0 9 9 0 9 0 9 0 0 0 0 9 9 0 9 0 9 0 0 0 0 9 9 0 9 0 9 0 0 0 0 9 9 0 9 0 9 0 0 0 0 9 9 0 9 0 9 0 0 0 0 9 9 0 9 0 9 0 0 0 0 9 9 0 9 0 9 0 0 0 0 9 9 0 9 0 9 0 0 0 0 9 9 0 9 0 9 0 0 0 0 9 9 0 9 0 9 0 0 0 0 9 9 0 9 0 9 0 0 0 0 9 9 0 9 0 9 0 0 0 0 9 9 0 9 0 9 0 0 0 0 9 9 0 9 0 9 0 0 0 0 9 9 0 9 0 9 0 0 0 0 9 9 0 9 0 9 0 0 0 0 9 9 0 9 0 9
0 1 0 0 9 0 9 9 9 9 0 0 0 0 9 9 0 9 0 9 0 0 0 0 9 9 0 9 0 9 0 0 0 0 9 9 0 9 0 9 0 0 0 0 9 9 0 9 0 9 0 0 0 0 9 9 0 9 0 9 0 0 0 0 9 9 0 9 0 9 0 0 0 0 9 9 0 9 0 9 0 0 0 0 9 9 0 9 0 9 0 0 0 0 9 9 0 9 0 9 0 0 0 0 9 9 0 9 0 9 0 0 0 0 9 9 0 9 0 9 0 0 0 0 9 9 0 9 0 9 0 0 0 0 9 9 0 9 0 9 0 0 0 0 9 9 0 9 0 9 0 0 0 0 9 9 0 9 0 9 0 0 0 0 9 9 0 9 0 9 0 0 0 0 9 9 0 9 0 9 0 0 0 0 9 9 0 9 0 9 0 0 0 0 9 9 0 9 0 9
0 0 9 0 9 9 0 0 0 0 0 0 0 0 9 9 0 9 0 9 0 0 0 0 9 9 0 9 0 9 0 0 0 0 9 9 0 9 0 9 0 0 0 0 9 9 0 9 0 9 0 0 0 0 9 9 0 9 0 9 0 0 0 0 9 9 0 9 0 9 0 0 0 0 9 9 0 9 0 9 0 0 0 0 9 9 0 9 0 9 0 0 0 0 9 9 0 9 0 9 0 0 0 0 9 9 0 9 0 9 0 0 0 0 9 9 0 9 0 9 0 0 0 0 9 9 0 9 0 9 0 0 0 0 9 9 0 9 0 9 0 0 0 0 9 9 0 9 0 9 0 0 0 0 9 9 0 9 0 9 0 0 0 0 9 9 0 9 0 9 0 0 0 0 9 9 0 9 0 9 0 0 0 0 9 9 0 9 0 9 0 0 0 0 9 9 0 9 0 9
0 1 0 0 9 0 9 9 9 9 0 0 0 0 9 9 0 9 0 9 0 0 0 0 9 9 0 9 0 9 0 0 0 0 9 9 0 9 0 9 0 0 0 0 9 9 0 9 0 9 0 0 0 0 9 9 0 9 0 9 0 0 0 0 9 9 0 9 0 9 0 0 0 0 9 9 0 9 0 9 0 0 0 0 9 9 0 9 0 9 0 0 0 0 9 9 0 9 0 9 0 0 0 0 9 9 0 9 0 9 0 0 0 0 9 9 0 9 0 9 0 0 0 0 9 9 0 9 0 9 0 0 0 0 9 9 0 9 0 9 0 0 0 0 9 9 0 9 0 9 0 0 0 0 9 9 0 9 0 9 0 0 0 0 9 9 0 9 0 9 0 0 0 0 9 9 0 9 0 9 0 0 0 0 9 9 0 9 0 9 0 0 0 0 9 9 0 9 0 9
0 0 9 0 9 9 0 0 0 0 0 0 0 0 9 9 0 9 0 9 0 0 0 0 9 9 0 9 0 9 0 0 0 0 9 9 0 9 0 9 0 0 0 0 9 9 0 9 0 9 0 0 0 0 9 9 0 9 0 9 0 0 0 0 9 9 0 9 0 9 0 0 0 0 9 9 0 9 0 9 0 0 0 0 9 9 0 9 0 9 0 0 0 0 9 9 0 9 0 9 0 0 0 0 9 9 0 9 0 9 0 0 0 0 9 9 0 9 0 9 0 0 0 0 9 9 0 9 0 9 0 0 0 0 9 9 0 9 0 9 0 0 0 0 9 9 0 9 0 9 0 0 0 0 9 9 0 9 0 9 0 0 0 0 9 9 0 9 0 9 0 0 0 0 9 9 0 9 0 9 0 0 0 0 9 9 0 9 0 9 0 0 0 0 9 9 0 9 0 9
0 1 0 0 9 0 9 9 9 9 0 0 0 0 9 9 0 9 0 9 0 0 0 0 9 9 0 9 0 9 0 0 0 0 9 9 0 9 0 9 0 0 0 0 9 9 0 9 0 9 0 0 0 0 9 9 0 9 0 9 0 0 0 0 9 9 0 9 0 9 0 0 0 0 9 9 0 9 0 9 0 0 0 0 9 9 0 9 0 9 0 0 0 0 9 9 0 9 0 9 0 0 0 0 9 9 0 9 0 9 0 0 0 0 9 9 0 9 0 9 0 0 0 0 9 9 0 9 0 9 0 0 0 0 9 9 0 9 0 9 0 0 0 0 9 9 0 9 0 9 0 0 0 0 9 9 0 9 0 9 0 0 0 0 9 9 0 9 0 9 0 0 0 0 9 9 0 9 0 9 0 0 0 0 9 9 0 9 0 9 0 0 0 0 9 9 0 9 0 9
0 0 9 0 9 9 0 0 0 0 0 0 0 0 9 9 0 9 0 9 0 0 0 0 9 9 0 9 0 9 0 0 0 0 9 9 0 9 0 9 0 0 0 0 9 9 0 9 0 9 0 0 0 0 9 9 0 9 0 9 0 0 0 0 9 9 0 9 0 9 0 0 0 0 9 9 0 9 0 9 0 0 0 0 9 9 0 9 0 9 0 0 0 0 9 9 0 9 0 9 0 0 0 0 9 9 0 9 0 9 0 0 0 0 9 9 0 9 0 9 0 0 0 0 9 9 0 9 0 9 0 0 0 0 9 9 0 9 0 9 0 0 0 0 9 9 0 9 0 9 0 0 0 0 9 9 0 9 0 9 0 0 0 0 9 9 0 9 0 9 0 0 0 0 9 9 0 9 0 9 0 0 0 0 9 9 0 9 0 9 0 0 0 0 9 9 0 9 0 9
0 1 0 0 9 0 9 9 9 9 0 0 0 0 9 9 0 9 0 9 0 0 0 0 9 9 0 9 0 9 0 0 0 0 9 9 0 9 0 9 0 0 0 0 9 9 0 9 0 9 0 0 0 0 9 9 0 9 0 9 0 0 0 0 9 9 0 9 0 9 0 0 0 0 9 9 0 9 0 9 0 0 0 0 9 9 0 9 0 9 0 0 0 0 9 9 0 9 0 9 0 0 0 0 9 9 0 9 0 9 0 0 0 0 9 9 0 9 0 9 0 0 0 0 9 9 0 9 0 9 0 0 0 0 9 9 0 9 0 9 0 0 0 0 9 9 0 9 0 9 0 0 0 0 9 9 0 9 0 9 0 0 0 0 9 9 0 9 0 9 0 0 0 0 9 9 0 9 0 9 0 0 0 0 9 9 0 9 0 9 0 0 0 0 9 9 0 9 0 9
0 0 9 0 9 9 0 0 0 0 0 0 0 0 9 9 0 9 0 9 0 0 0 0 9 9 0 9 0 9 0 0 0 0 9 9 0 9 0 9 0 0 0 0 9 9 0 9 0 9 0 0 0 0 9 9 0 9 0 9 0 0 0 0 9 9 0 9 0 9 0 0 0 0 9 9 0 9 0 9 0 0 0 0 9 9 0 9 0 9 0 0 0 0 9 9 0 9 0 9 0 0 0 0 9 9 0 9 0 9 0 0 0 0 9 9 0 9 0 9 0 0 0 0 9 9 0 9 0 9 0 0 0 0 9 9 0 9 0 9 0 0 0 0 9 9 0 9 0 9 0 0 0 0 9 9 0 9 0 9 0 0 0 0 9 9 0 9 0 9 0 0 0 0 9 9 0 9 0 9 0 0 0 0 9 9 0 9 0 9 0 0 0 0 9 9 0 9 0 9
0 1 0 0 9 0 9 9 9 9 0 0 0 0 9 9 0 9 0 9 0 0 0 0 9 9 0 9 0 9 0 0 0 0 9 9 0 9 0 9 0 0 0 0 9 9 0 9 0 9 0 0 0 0 9 9 0 9 0 9 0 0 0 0 9 9 0 9 0 9 0 0 0 0 9 9 0 9 0 9 0 0 0 0 9 9 0 9 0 9 0 0 0 0 9 9 0 9 0 9 0 0 0 0 9 9 0 9 0 9 0 0 0 0 9 9 0 9 0 9 0 0 0 0 9 9 0 9 0 9 0 0 0 0 9 9 0 9 0 9 0 0 0 0 9 9 0 9 0 9 0 0 0 0 9 9 0 9 0 9 0 0 0 0 9 9 0 9 0 9 0 0 0 0 9 9 0 9 0 9 0 0 0 0 9 9 0 9 0 9 0 0 0 0 9 9 0 9 0 9
0 0 9 0 9 9 0 0 0 0 0 0 0 0 9 9 0 9 0 9 0 0 0 0 9 9 0 9 0 9 0 0 0 0 9 9 0 9 0 9 0 0 0 0 9 9 0 9 0 9 0 0 0 0 9 9 0 9 0 9 0 0 0 0 9 9 0 9 0 9 0 0 0 0 9 9 0 9 0 9 0 0 0 0 9 9 0 9 0 9 0 0 0 0 9 9 0 9 0 9 0 0 0 0 9 9 0 9 0 9 0 0 0 0 9 9 0 9 0 9 0 0 0 0 9 9 0 9 0 9 0 0 0 0 9 9 0 9 0 9 0 0 0 0 9 9 0 9 0 9 0 0 0 0 9 9 0 9 0 9 0 0 0 0 9 9 0 9 0 9 0 0 0 0 9 9 0 9 0 9 0 0 0 0 9 9 0 9 0 9 0 0 0 0 9 9 0 9 0 9
0 1 0 0 9 0 9 9 9 9 0 0 0 0 9 9 0 9 0 9 0 0 0 0 9 9 0 9 0 9 0 0 0 0 9 9 0 9 0 9 0 0 0 0 9 9 0 9 0 9 0 0 0 0 9 9 0 9 0 9 0 0 0 0 9 9 0 9 0 9 0 0 0 0 9 9 0 9 0 9 0 0 0 0 9 9 0 9 0 9 0 0 0 0 9 9 0 9 0 9 0 0 0 0 9 9 0 9 0 9 0 0 0 0 9 9 0 9 0 9 0 0 0 0 9 9 0 9 0 9 0 0 0 0 9 9 0 9 0 9 0 0 0 0 9 9 0 9 0 9 0 0 0 0 9 9 0 9 0 9 0 0 0 0 9 9 0 9 0 9 0 0 0 0 9 9 0 9 0 9 0 0 0 0 9 9 0 9 0 9 0 0 0 0 9 9 0 9 0 9
0 0 9 0 9 9 0 0 0 0 0 0 0 0 9 9 0 9 0 9 0 0 0 0 9 9 0 9 0 9 0 0 0 0 9 9 0 9 0 9 0 0 0 0 9 9 0 9 0 9 0 0 0 0 9 9 0 9 0 9 0 0 0 0 9 9 0 9 0 9 0 0 0 0 9 9 0 9 0 9 0 0 0 0 9 9 0 9 0 9 0 0 0 0 9 9 0 9 0 9 0 0 0 0 9 9 0 9 0 9 0 0 0 0 9 9 0 9 0 9 0 0 0 0 9 9 0 9 0 9 0 0 0 0 9 9 0 9 0 9 0 0 0 0 9 9 0 9 0 9 0 0 0 0 9 9 0 9 0 9 0 0 0 0 9 9 0 9 0 9 0 0 0 0 9 9 0 9 0 9 0 0 0 0 9 9 0 9 0 9 0 0 0 0 9 9 0 9 0 9
0 1 0 0 9 0 9 9 9 9 0 0 0 0 9 9 0 9 0 9 0 0 0 0 9 9 0 9 0 9 0 0 0 0 9 9 0 9 0 9 0 0 0 0 9 9 0 9 0 9 0 0 0 0 9 9 0 9 0 9 0 0 0 0 9 9 0 9 0 9 0 0 0 0 9 9 0 9 0 9 0 0 0 0 9 9 0 9 0 9 0 0 0 0 9 9 0 9 0 9 0 0 0 0 9 9 0 9 0 9 0 0 0 0 9 9 0 9 0 9 0 0 0 0 9 9 0 9 0 9 0 0 0 0 9 9 0 9 0 9 0 0 0 0 9 9 0 9 0 9 0 0 0 0 9 9 0 9 0 9 0 0 0 0 9 9 0 9 0 9 0 0 0 0 9 9 0 9 0 9 0 0 0 0 9 9 0 9 0 9 0 0 0 0 9 9 0 9 0 9
0 0 9 0 9 9 0 0 0 0 0 0 0 0 9 9 0 9 0 9 0 0 0 0 9 9 0 9 0 9 0 0 0 0 9 9 0 9 0 9 0 0 0 0 9 9 0 9 0 9 0 0 0 0 9 9 0 9 0 9 0 0 0 0 9 9 0 9 0 9 0 0 0 0 9 9 0 9 0 9 0 0 0 0 9 9 0 9 0 9 0 0 0 0 9 9 0 9 0 9 0 0 0 0 9 9 0 9 0 9 0 0 0 0 9 9 0 9 0 9 0 0 0 0 9 9 0 9 0 9 0 0 0 0 9 9 0 9 0 9 0 0 0 0 9 9 0 9 0 9 0 0 0 0 9 9 0 9 0 9 0 0 0 0 9 9 0 9 0 9 0 0 0 0 9 9 0 9 0 9 0 0 0 0 9 9 0 9 0 9 0 0 0 0 9 9 0 9 0 9
0 1 0 0 9 0 9 9 9 9 0 0 0 0 9 9 0 9 0 9 0 0 0 0 9 9 0 9 0 9 0 0 0 0 9 9 0 9 0 9 0 0 0 0 9 9 0 9 0 9 0 0 0 0 9 9 0 9 0 9 0 0 0 0 9 9 0 9 0 9 0 0 0 0 9 9 0 9 0 9 0 0 0 0 9 9 0 9 0 9 0 0 0 0 9 9 0 9 0 9 0 0 0 0 9 9 0 9 0 9 0 0 0 0 9 9 0 9 0 9 0 0 0 0 9 9 0 9 0 9 0 0 0 0 9 9 0 9 0 9 0 0 0 0 9 9 0 9 0 9 0 0 0 0 9 9 0 9 0 9 0 0 0 0 9 9 0 9 0 9 0 0 0 0 9 9 0 9 0 9 0 0 0 0 9 9 0 9 0 9 0 0 0 0 9 9 0 9 0 9
0 0 9 0 9 9 0 0 0 0 0 0 0 0 9 9 0 9 0 9 0 0 0 0 9 9 0 9 0 9 0 0 0 0 9 9 0 9 0 9 0 0 0 0 9 9 0 9 0 9 0 0 0 0 9 9 0 9 0 9 0 0 0 0 9 9 0 9 0 9 0 0 0 0 9 9 0 9 0 9 0 0 0 0 9 9 0 9 0 9 0 0 0 0 9 9 0 9 0 9 0 0 0 0 9 9 0 9 0 9 0 0 0 0 9 9 0 9 0 9 0 0 0 0 9 9 0 9 0 9 0 0 0 0 9 9 0 9 0 9 0 0 0 0 9 9 0 9 0 9 0 0 0 0 9 9 0 9 0 9 0 0 0 0 9 9 0 9 0 9 0 0 0 0 9 9 0 9 0 9 0 0 0 0 9 9 0 9 0 9 0 0 0 0 9 9 0 9 0 9
0 1 0 0 9 0 9 9 9 9 0 0 0 0 9 9 0 9 0 9 0 0 0 0 9 9 0 9 0 9 0 0 0 0 9 9 0 9 0 9 0 0 0 0 9 9 0 9 0 9 0 0 0 0 9 9 0 9 0 9 0 0 0 0 9 9 0 9 0 9 0 0 0 0 9 9 0 9 0 9 0 0 0 0 9 9 0 9 0 9 0 0 0 0 9 9 0 9 0 9 0 0 0 0 9 9 0 9 0 9 0 0 0 0 9 9 0 9 0 9 0 0 0 0 9 9 0 9 0 9 0 0 0 0 9 9 0 9 0 9 0 0 0 0 9 9 0 9 0 9 0 0 0 0 9 9 0 9 0 9 0 0 0 0 9 9 0 9 0 9 0 0 0 0 9 9 0 9 0 9 0 0 0 0 9 9 0 9 0 9 0 0 0 0 9 9 0 9 0 9
0 0 9 0 9 9 0 0 0 0 0 0 0 0 9 9 0 9 0 9 0 0 0 0 9 9 0 9 0 9 0 0 0 0 9 9 0 9 0 9 0 0 0 0 9 9 0 9 0 9 0 0 0 0 9 9 0 9 0 9 0 0 0 0 9 9 0 9 0 9 0 0 0 0 9 9 0 9 0 9 0 0 0 0 9 9 0 9 0 9 0 0 0 0 9 9 0 9 0 9 0 0 0 0 9 9 0 9 0 9 0 0 0 0 9 9 0 9 0 9 0 0 0 0 9 9 0 9 0 9 0 0 0 0 9 9 0 9 0 9 0 0 0 0 9 9 0 9 0 9 0 0 0 0 9 9 0 9 0 9 0 0 0 0 9 9 0 9 0 9 0 0 0 0 9 9 0 9 0 9 0 0 0 0 9 9 0 9 0 9 0 0 0 0 9 9 0 9 0 9
0 1 0 0 9 0 9 9 9 9 0 0 0 0 9 9 0 9 0 9 0 0 0 0 9 9 0 9 0 9 0 0 0 0 9 9 0 9 0 9 0 0 0 0 9 9 0 9 0 9 0 0 0 0 9 9 0 9 0 9 0 0 0 0 9 9 0 9 0 9 0 0 0 0 9 9 0 9 0 9 0 0 0 0 9 9 0 9 0 9 0 0 0 0 9 9 0 9 0 9 0 0 0 0 9 9 0 9 0 9 0 0 0 0 9 9 0 9 0 9 0 0 0 0 9 9 0 9 0 9 0 0 0 0 9 9 0 9 0 9 0 0 0 0 9 9 0 9 0 9 0 0 0 0 9 9 0 9 0 9 0 0 0 0 9 9 0 9 0 9 0 0 0 0 9 9 0 9 0 9 0 0 0 0 9 9 0 9 0 9 0 0 0 0 9 9 0 9 0 9
0 0 9 0 9 9 0 0 0 0 0 0 0 0 9 9 0 9 0 9 0 0 0 0 9 9 0 9 0 9 0 0 0 0 9 9 0 9 0 9 0 0 0 0 9 9 0 9 0 9 0 0 0 0 9 9 0 9 0 9 0 0 0 0 9 9 0 9 0 9 0 0 0 0 9 9 0 9 0 9 0 0 0 0 9 9 0 9 0 9 0 0 0 0 9 9 0 9 0 9 0 0 0 0 9 9 0 9 0 9 0 0 0 0 9 9 0 9 0 9 0 0 0 0 9 9 0 9 0 9 0 0 0 0 9 9 0 9 0 9 0 0 0 0 9 9 0 9 0 9 0 0 0 0 9 9 0 9 0 9 0 0 0 0 9 9 0 9 0 9 0 0 0 0 9 9 0 9 0 9 0 0 0 0 9 9 0 9 0 9 0 0 0 0 9 9 0 9 0 9
0 1 0 0 9 0 9 9 9 9 0 0 0 0 9 9 0 9 0 9 0 0 0 0 9 9 0 9 0 9 0 0 0 0 9 9 0 9 0 9 0 0 0 0 9 9 0 9 0 9 0 0 0 0 9 9 0 9 0 9 0 0 0 0 9 9 0 9 0 9 0 0 0 0 9 9 0 9 0 9 0 0 0 0 9 9 0 9 0 9 0 0 0 0 9 9 0 9 0 9 0 0 0 0 9 9 0 9 0 9 0 0 0 0 9 9 0 9 0 9 0 0 0 0 9 9 0 9 0 9 0 0 0 0 9 9 0 9 0 9 0 0 0 0 9 9 0 9 0 9 0 0 0 0 9 9 0 9 0 9 0 0 0 0 9 9 0 9 0 9 0 0 0 0 9 9 0 9 0 9 0 0 0 0 9 9 0 9 0 9 0 0 0 0 9 9 0 9 0 9
0 0 9 0 9 9 0 0 0 0 0 0 0 0 9 9 0 9 0 9 0 0 0 0 9 9 0 9 0 9 0 0 0 0 9 9 0 9 0 9 0 0 0 0 9 9 0 9 0 9 0 0 0 0 9 9 0 9 0 9 0 0 0 0 9 9 0 9 0 9 0 0 0 0 9 9 0 9 0 9 0 0 0 0 9 9 0 9 0 9 0 0 0 0 9 9 0 9 0 9 0 0 0 0 9 9 0 9 0 9 0 0 0 0 9 9 0 9 0 9 0 0 0 0 9 9 0 9 0 9 0 0 0 0 9 9 0 9 0 9 0 0 0 0 9 9 0 9 0 9 0 0 0 0 9 9 0 9 0 9 0 0 0 0 9 9 0 9 0 9 0 0 0 0 9 9 0 9 0 9 0 0 0 0 9 9 0 9 0 9 0 0 0 0 9 9 0 9 0 9
0 1 0 0 9 0 9 9 9 9 0 0 0 0 9 9 0 9 0 9 0 0 0 0 9 9 0 9 0 9 0 0 0 0 9 9 0 9 0 9 0 0 0 0 9 9 0 9 0 9 0 0 0 0 9 9 0 9 0 9 0 0 0 0 9 9 0 9 0 9 0 0 0 0 9 9 0 9 0 9 0 0 0 0 9 9 0 9 0 9 0 0 0 0 9 9 0 9 0 9 0 0 0 0 9 9 0 9 0 9 0 0 0 0 9 9 0 9 0 9 0 0 0 0 9 9 0 9 0 9 0 0 0 0 9 9 0 9 0 9 0 0 0 0 9 9 0 9 0 9 0 0 0 0 9 9 0 9 0 9 0 0 0 0 9 9 0 9 0 9 0 0 0 0 9 9 0 9 0 9 0 0 0 0 9 9 0 9 0 9 0 0 0 0 9 9 0 9 0 9
0 0 9 0 9 9 0 0 0 0 0 0 0 0 9 9 0 9 0 9 0 0 0 0 9 9 0 9 0 9 0 0 0 0 9 9 0 9 0 9 0 0 0 0 9 9 0 9 0 9 0 0 0 0 9 9 0 9 0 9 0 0 0 0 9 9 0 9 0 9 0 0 0 0 9 9 0 9 0 9 0 0 0 0 9 9 0 9 0 9 0 0 0 0 9 9 0 9 0 9 0 0 0 0 9 9 0 9 0 9 0 0 0 0 9 9 0 9 0 9 0 0 0 0 9 9 0 9 0 9 0 0 0 0 9 9 0 9 0 9 0 0 0 0 9 9 0 9 0 9 0 0 0 0 9 9 0 9 0 9 0 0 0 0 9 9 0 9 0 9 0 0 0 0 9 9 0 9 0 9 0 0 0 0 9 9 0 9 0 9 0 0 0 0 9 9 0 9 0 9
0 1 0 0 9 0 9 9 9 9 0 0 0 0 9 9 0 9 0 9 0 0 0 0 9 9 0 9 0 9 0 0 0 0 9 9 0 9 0 9 0 0 0 0 9 9 0 9 0 9 0 0 0 0 9 9 0 9 0 9 0 0 0 0 9 9 0 9 0 9 0 0 0 0 9 9 0 9 0 9 0 0 0 0 9 9 0 9 0 9 0 0 0 0 9 9 0 9 0 9 0 0 0 0 9 9 0 9 0 9 0 0 0 0 9 9 0 9 0 9 0 0 0 0 9 9 0 9 0 9 0 0 0 0 9 9 0 9 0 9 0 0 0 0 9 9 0 9 0 9 0 0 0 0 9 9 0 9 0 9 0 0 0 0 9 9 0 9 0 9 0 0 0 0 9 9 0 9 0 9 0 0 0 0 9 9 0 9 0 9 0 0 0 0 9 9 0 9 0 9
0 0 9 0 9 9 0 0 0 0 0 0 0 0 9 9 0 9 0 9 0 0 0 0 9 9 0 9 0 9 0 0 0 0 9 9 0 9 0 9 0 0 0 0 9 9 0 9 0 9 0 0 0 0 9 9 0 9 0 9 0 0 0 0 9 9 0 9 0 9 0 0 0 0 9 9 0 9 0 9 0 0 0 0 9 9 0 9 0 9 0 0 0 0 9 9 0 9 0 9 0 0 0 0 9 9 0 9 0 9 0 0 0 0 9 9 0 9 0 9 0 0 0 0 9 9 0 9 0 9 0 0 0 0 9 9 0 9 0 9 0 0 0 0 9 9 0 9 0 9 0 0 0 0 9 9 0 9 0 9 0 0 0 0 9 9 0 9 0 9 0 0 0 0 9 9 0 9 0 9 0 0 0 0 9 9 0 9 0 9 0 0 0 0 9 9 0 9 0 9
0 1 0 0 9 0 9 9 9 9 0 0 0 0 9 9 0 9 0 9 0 0 0 0 9 9 0 9 0 9 0 0 0 0 9 9 0 9 0 9 0 0 0 0 9 9 0 9 0 9 0 0 0 0 9 9 0 9 0 9 0 0 0 0 9 9 0 9 0 9 0 0 0 0 9 9 0 9 0 9 0 0 0 0 9 9 0 9 0 9 0 0 0 0 9 9 0 9 0 9 0 0 0 0 9 9 0 9 0 9 0 0 0 0 9 9 0 9 0 9 0 0 0 0 9 9 0 9 0 9 0 0 0 0 9 9 0 9 0 9 0 0 0 0 9 9 0 9 0 9 0 0 0 0 9 9 0 9 0 9 0 0 0 0 9 9 0 9 0 9 0 0 0 0 9 9 0 9 0 9 0 0 0 0 9 9 0 9 0 9 0 0 0 0 9 9 0 9 0 9
0 0 9 0 9 9 0 0 0 0 0 0 0 0 9 9 0 9 0 9 0 0 0 0 9 9 0 9 0 9 0 0 0 0 9 9 0 9 0 9 0 0 0 0 9 9 0 9 0 9 0 0 0 0 9 9 0 9 0 9 0 0 0 0 9 9 0 9 0 9 0 0 0 0 9 9 0 9 0 9 0 0 0 0 9 9 0 9 0 9 0 0 0 0 9 9 0 9 0 9 0 0 0 0 9 9 0 9 0 9 0 0 0 0 9 9 0 9 0 9 0 0 0 0 9 9 0 9 0 9 0 0 0 0 9 9 0 9 0 9 0 0 0 0 9 9 0 9 0 9 0 0 0 0 9 9 0 9 0 9 0 0 0 0 9 9 0 9 0 9 0 0 0 0 9 9 0 9 0 9 0 0 0 0 9 9 0 9 0 9 0 0 0 0 9 9 0 9 0 9
0 1 0 0 9 0 9 9 9 9 0 0 0 0 9 9 0 9 0 9 0 0 0 0 9 9 0 9 0 9 0 0 0 0 9 9 0 9 0 9 0 0 0 0 9 9 0 9 0 9 0 0 0 0 9 9 0 9 0 9 0 0 0 0 9 9 0 9 0 9 0 0 0 0 9 9 0 9 0 9 0 0 0 0 9 9 0 9 0 9 0 0 0 0 9 9 0 9 0 9 0 0 0 0 9 9 0 9 0 9 0 0 0 0 9 9 0 9 0 9 0 0 0 0 9 9 0 9 0 9 0 0 0 0 9 9 0 9 0 9 0 0 0 0 9 9 0 9 0 9 0 0 0 0 9 9 0 9 0 9 0 0 0 0 9 9 0 9 0 9 0 0 0 0 9 9 0 9 0 9 0 0 0 0 9 9 0 9 0 9 0 0 0 0 9 9 0 9 0 9
0 0 9 0 9 9 0 0 0 0 0 0 0 0 9 9 0 9 0 9 0 0 0 0 9 9 0 9 0 9 0 0 0 0 9 9 0 9 0 9 0 0 0 0 9 9 0 9 0 9 0 0 0 0 9 9 0 9 0 9 0 0 0 0 9 9 0 9 0 9 0 0 0 0 9 9 0 9 0 9 0 0 0 0 9 9 0 9 0 9 0 0 0 0 9 9 0 9 0 9 0 0 0 0 9 9 0 9 0 9 0 0 0 0 9 9 0 9 0 9 0 0 0 0 9 9 0 9 0 9 0 0 0 0 9 9 0 9 0 9 0 0 0 0 9 9 0 9 0 9 0 0 0 0 9 9 0 9 0 9 0 0 0 0 9 9 0 9 0 9 0 0 0 0 9 9 0 9 0 9 0 0 0 0 9 9 0 9 0 9 0 0 0 0 9 9 0 9 0 9
0 1 0 0 9 0 9 9 9 9 0 0 0 0 9 9 0 9 0 9 0 0 0 0 9 9 0 9 0 9 0 0 0 0 9 9 0 9 0 9 0 0 0 0 9 9 0 9 0 9 0 0 0 0 9 9 0 9 0 9 0 0 0 0 9 9 0 9 0 9 0 0 0 0 9 9 0 9 0 9 0 0 0 0 9 9 0 9 0 9 0 0 0 0 9 9 0 9 0 9 0 0 0 0 9 9 0 9 0 9 0 0 0 0 9 9 0 9 0 9 0 0 0 0 9 9 0 9 0 9 0 0 0 0 9 9 0 9 0 9 0 0 0 0 9 9 0 9 0 9 0 0 0 0 9 9 0 9 0 9 0 0 0 0 9 9 0 9 0 9 0 0 0 0 9 9 0 9 0 9 0 0 0 0 9 9 0 9 0 9 0 0 0 0 9 9 0 9 0 9
0 0 9 0 9 9 0 0 0 0 0 0 0 0 9 9 0 9 0 9 0 0 0 0 9 9 0 9 0 9 0 0 0 0 9 9 0 9 0 9 0 0 0 0 9 9 0 9 0 9 0 0 0 0 9 9 0 9 0 9 0 0 0 0 9 9 0 9 0 9 0 0 0 0 9 9 0 9 0 9 0 0 0 0 9 9 0 9 0 9 0 0 0 0 9 9 0 9 0 9 0 0 0 0 9 9 0 9 0 9 0 0 0 0 9 9 0 9 0 9 0 0 0 0 9 9 0 9 0 9 0 0 0 0 9 9 0 9 0 9 0 0 0 0 9 9 0 9 0 9 0 0 0 0 9 9 0 9 0 9 0 0 0 0 9 9 0 9 0 9 0 0 0 0 9 9 0 9 0 9 0 0 0 0 9 9 0 9 0 9 0 0 0 0 9 9 0 9 0 9
0 1 0 0 9 0 9 9 9 9 0 0 0 0 9 9 0 9 0 9 0 0 0 0 9 9 0 9 0 9 0 0 0 0 9 9 0 9 0 9 0 0 0 0 9 9 0 9 0 9 0 0 0 0 9 9 0 9 0 9 0 0 0 0 9 9 0 9 0 9 0 0 0 0 9 9 0 9 0 9 0 0 0 0 9 9 0 9 0 9 0 0 0 0 9 9 0 9 0 9 0 0 0 0 9 9 0 9 0 9 0 0 0 0 9 9 0 9 0 9 0 0 0 0 9 9 0 9 0 9 0 0 0 0 9 9 0 9 0 9 0 0 0 0 9 9 0 9 0 9 0 0 0 0 9 9 0 9 0 9 0 0 0 0 9 9 0 9 0 9 0 0 0 0 9 9 0 9 0 9 0 0 0 0 9 9 0 9 0 9 0 0 0 0 9 9 0 9 0 9
0 0 9 0 9 9 0 0 0 0 0 0 0 0 9 9 0 9 0 9 0 0 0 0 9 9 0 9 0 9 0 0 0 0 9 9 0 9 0 9 0 0 0 0 9 9 0 9 0 9 0 0 0 0 9 9 0 9 0 9 0 0 0 0 9 9 0 9 0 9 0 0 0 0 9 9 0 9 0 9 0 0 0 0 9 9 0 9 0 9 0 0 0 0 9 9 0 9 0 9 0 0 0 0 9 9 0 9 0 9 0 0 0 0 9 9 0 9 0 9 0 0 0 0 9 9 0 9 0 9 0 0 0 0 9 9 0 9 0 9 0 0 0 0 9 9 0 9 0 9 0 0 0 0 9 9 0 9 0 9 0 0 0 0 9 9 0 9 0 9 0 0 0 0 9 9 0 9 0 9 0 0 0 0 9 9 0 9 0 9 0 0 0 0 9 9 0 9 0 9
0 1 0 0 9 0 9 9 9 9 0 0 0 0 9 9 0 9 0 9 0 0 0 0 9 9 0 9 0 9 0 0 0 0 9 9 0 9 0 9 0 0 0 0 9 9 0 9 0 9 0 0 0 0 9 9 0 9 0 9 0 0 0 0 9 9 0 9 0 9 0 0 0 0 9 9 0 9 0 9 0 0 0 0 9 9 0 9 0 9 0 0 0 0 9 9 0 9 0 9 0 0 0 0 9 9 0 9 0 9 0 0 0 0 9 9 0 9 0 9 0 0 0 0 9 9 0 9 0 9 0 0 0 0 9 9 0 9 0 9 0 0 0 0 9 9 0 9 0 9 0 0 0 0 9 9 0 9 0 9 0 0 0 0 9 9 0 9 0 9 0 0 0 0 9 9 0 9 0 9 0 0 0 0 9 9 0 9 0 9 0 0 0 0 9 9 0 9 0 9
0 0 9 0 9 9 0 0 0 0 0 0 0 0 9 9 0 9 0 9 0 0 0 0 9 9 0 9 0 9 0 0 0 0 9 9 0 9 0 9 0 0 0 0 9 9 0 9 0 9 0 0 0 0 9 9 0 9 0 9 0 0 0 0 9 9 0 9 0 9 0 0 0 0 9 9 0 9 0 9 0 0 0 0 9 9 0 9 0 9 0 0 0 0 9 9 0 9 0 9 0 0 0 0 9 9 0 9 0 9 0 0 0 0 9 9 0 9 0 9 0 0 0 0 9 9 0 9 0 9 0 0 0 0 9 9 0 9 0 9 0 0 0 0 9 9 0 9 0 9 0 0 0 0 9 9 0 9 0 9 0 0 0 0 9 9 0 9 0 9 0 0 0 0 9 9 0 9 0 9 0 0 0 0 9 9 0 9 0 9 0 0 0 0 9 9 0 9 0 9
0 1 0 0 9 0 9 9 9 9 0 0 0 0 9 9 0 9 0 9 0 0 0 0 9 9 0 9 0 9 0 0 0 0 9 9 0 9 0 9 0 0 0 0 9 9 0 9 0 9 0 0 0 0 9 9 0 9 0 9 0 0 0 0 9 9 0 9 0 9 0 0 0 0 9 9 0 9 0 9 0 0 0 0 9 9 0 9 0 9 0 0 0 0 9 9 0 9 0 9 0 0 0 0 9 9 0 9 0 9 0 0 0 0 9 9 0 9 0 9 0 0 0 0 9 9 0 9 0 9 0 0 0 0 9 9 0 9 0 9 0 0 0 0 9 9 0 9 0 9 0 0 0 0 9 9 0 9 0 9 0 0 0 0 9 9 0 9 0 9 0 0 0 0 9 9 0 9 0 9 0 0 0 0 9 9 0 9 0 9 0 0 0 0 9 9 0 9 0 9
0 0 9 0 9 9 0 0 0 0 0 0 0 0 9 9 0 9 0 9 0 0 0 0 9 9 0 9 0 9 0 0 0 0 9 9 0 9 0 9 0 0 0 0 9 9 0 9 0 9 0 0 0 0 9 9 0 9 0 9 0 0 0 0 9 9 0 9 0 9 0 0 0 0 9 9 0 9 0 9 0 0 0 0 9 9 0 9 0 9 0 0 0 0 9 9 0 9 0 9 0 0 0 0 9 9 0 9 0 9 0 0 0 0 9 9 0 9 0 9 0 0 0 0 9 9 0 9 0 9 0 0 0 0 9 9 0 9 0 9 0 0 0 0 9 9 0 9 0 9 0 0 0 0 9 9 0 9 0 9 0 0 0 0 9 9 0 9 0 9 0 0 0 0 9 9 0 9 0 9 0 0 0 0 9 9 0 9 0 9 0 0 0 0 9 9 0 9 0 9
0 1 0 0 9 0 9 9 9 9 0 0 0 0 9 9 0 9 0 9 0 0 0 0 9 9 0 9 0 9 0 0 0 0 9 9 0 9 0 9 0 0 0 0 9 9 0 9 0 9 0 0 0 0 9 9 0 9 0 9 0 0 0 0 9 9 0 9 0 9 0 0 0 0 9 9 0 9 0 9 0 0 0 0 9 9 0 9 0 9 0 0 0 0 9 9 0 9 0 9 0 0 0 0 9 9 0 9 0 9 0 0 0 0 9 9 0 9 0 9 0 0 0 0 9 9 0 9 0 9 0 0 0 0 9 9 0 9 0 9 0 0 0 0 9 9 0 9 0 9 0 0 0 0 9 9 0 9 0 9 0 0 0 0 9 9 0 9 0 9 0 0 0 0 9 9 0 9 0 9 0 0 0 0 9 9 0 9 0 9 0 0 0 0 9 9 0 9 0 9
0 0 9 0 9 9 0 0 0 0 0 0 0 0 9 9 0 9 0 9 0 0 0 0 9 9 0 9 0 9 0 0 0 0 9 9 0 9 0 9 0 0 0 0 9 9 0 9 0 9 0 0 0 0 9 9 0 9 0 9 0 0 0 0 9 9 0 9 0 9 0 0 0 0 9 9 0 9 0 9 0 0 0 0 9 9 0 9 0 9 0 0 0 0 9 9 0 9 0 9 0 0 0 0 9 9 0 9 0 9 0 0 0 0 9 9 0 9 0 9 0 0 0 0 9 9 0 9 0 9 0 0 0 0 9 9 0 9 0 9 0 0 0 0 9 9 0 9 0 9 0 0 0 0 9 9 0 9 0 9 0 0 0 0 9 9 0 9 0 9 0 0 0 0 9 9 0 9 0 9 0 0 0 0 9 9 0 9 0 9 0 0 0 0 9 9 0 9 0 9
0 1 0 0 9 0 9 9 9 9 0 0 0 0 9 9 0 9 0 9 0 0 0 0 9 9 0 9 0 9 0 0 0 0 9 9 0 9 0 9 0 0 0 0 9 9 0 9 0 9 0 0 0 0 9 9 0 9 0 9 0 0 0 0 9 9 0 9 0 9 0 0 0 0 9 9 0 9 0 9 0 0 0 0 9 9 0 9 0 9 0 0 0 0 9 9 0 9 0 9 0 0 0 0 9 9 0 9 0 9 0 0 0 0 9 9 0 9 0 9 0 0 0 0 9 9 0 9 0 9 0 0 0 0 9 9 0 9 0 9 0 0 0 0 9 9 0 9 0 9 0 0 0 0 9 9 0 9 0 9 0 0 0 0 9 9 0 9 0 9 0 0 0 0 9 9 0 9 0 9 0 0 0 0 9 9 0 9 0 9 0 0 0 0 9 9 0 9 0 9
0 0 9 0 9 9 0 0 0 0 0 0 0 0 9 9 0 9 0 9 0 0 0 0 9 9 0 9 0 9 0 0 0 0 9 9 0 9 0 9 0 0 0 0 9 9 0 9 0 9 0 0 0 0 9 9 0 9 0 9 0 0 0 0 9 9 0 9 0 9 0 0 0 0 9 9 0 9 0 9 0 0 0 0 9 9 0 9 0 9 0 0 0 0 9 9 0 9 0 9 0 0 0 0 9 9 0 9 0 9 0 0 0 0 9 9 0 9 0 9 0 0 0 0 9 9 0 9 0 9 0 0 0 0 9 9 0 9 0 9 0 0 0 0 9 9 0 9 0 9 0 0 0 0 9 9 0 9 0 9 0 0 0 0 9 9 0 9 0 9 0 0 0 0 9 9 0 9 0 9 0 0 0 0 9 9 0 9 0 9 0 0 0 0 9 9 0 9 0 9
0 1 0 0 9 0 9 9 9 9 0 0 0 0 9 9 0 9 0 9 0 0 0 0 9 9 0 9 0 9 0 0 0 0 9 9 0 9 0 9 0 0 0 0 9 9 0 9 0 9 0 0 0 0 9 9 0 9 0 9 0 0 0 0 9 9 0 9 0 9 0 0 0 0 9 9 0 9 0 9 0 0 0 0 9 9 0 9 0 9 0 0 0 0 9 9 0 9 0 9 0 0 0 0 9 9 0 9 0 9 0 0 0 0 9 9 0 9 0 9 0 0 0 0 9 9 0 9 0 9 0 0 0 0 9 9 0 9 0 9 0 0 0 0 9 9 0 9 0 9 0 0 0 0 9 9 0 9 0 9 0 0 0 0 9 9 0 9 0 9 0 0 0 0 9 9 0 9 0 9 0 0 0 0 9 9 0 9 0 9 0 0 0 0 9 9 0 9 0 9
0 0 9 0 9 9 0 0 0 0 0 0 0 0 9 9 0 9 0 9 0 0 0 0 9 9 0 9 0 9 0 0 0 0 9 9 0 9 0 9 0 0 0 0 9 9 0 9 0 9 0 0 0 0 9 9 0 9 0 9 0 0 0 0 9 9 0 9 0 9 0 0 0 0 9 9 0 9 0 9 0 0 0 0 9 9 0 9 0 9 0 0 0 0 9 9 0 9 0 9 0 0 0 0 9 9 0 9 0 9 0 0 0 0 9 9 0 9 0 9 0 0 0 0 9 9 0 9 0 9 0 0 0 0 9 9 0 9 0 9 0 0 0 0 9 9 0 9 0 9 0 0 0 0 9 9 0 9 0 9 0 0 0 0 9 9 0 9 0 9 0 0 0 0 9 9 0 9 0 9 0 0 0 0 9 9 0 9 0 9 0 0 0 0 9 9 0 9 0 9
0 1 0 0 9 0 9 9 9 9 0 0 0 0 9 9 0 9 0 9 0 0 0 0 9 9 0 9 0 9 0 0 0 0 9 9 0 9 0 9 0 0 0 0 9 9 0 9 0 9 0 0 0 0 9 9 0 9 0 9 0 0 0 0 9 9 0 9 0 9 0 0 0 0 9 9 0 9 0 9 0 0 0 0 9 9 0 9 0 9 0 0 0 0 9 9 0 9 0 9 0 0 0 0 9 9 0 9 0 9 0 0 0 0 9 9 0 9 0 9 0 0 0 0 9 9 0 9 0 9 0 0 0 0 9 9 0 9 0 9 0 0 0 0 9 9 0 9 0 9 0 0 0 0 9 9 0 9 0 9 0 0 0 0 9 9 0 9 0 9 0 0 0 0 9 9 0 9 0 9 0 0 0 0 9 9 0 9 0 9 0 0 0 0 9 9 0 9 0 9
0 0 9 0 9 9 0 0 0 0 0 0 0 0 9 9 0 9 0 9 0 0 0 0 9 9 0 9 0 9 0 0 0 0 9 9 0 9 0 9 0 0 0 0 9 9 0 9 0 9 0 0 0 0 9 9 0 9 0 9 0 0 0 0 9 9 0 9 0 9 0 0 0 0 9 9 0 9 0 9 0 0 0 0 9 9 0 9 0 9 0 0 0 0 9 9 0 9 0 9 0 0 0 0 9 9 0 9 0 9 0 0 0 0 9 9 0 9 0 9 0 0 0 0 9 9 0 9 0 9 0 0 0 0 9 9 0 9 0 9 0 0 0 0 9 9 0 9 0 9 0 0 0 0 9 9 0 9 0 9 0 0 0 0 9 9 0 9 0 9 0 0 0 0 9 9 0 9 0 9 0 0 0 0 9 9 0 9 0 9 0 0 0 0 9 9 0 9 0 9
0 1 0 0 9 0 9 9 9 9 0 0 0 0 9 9 0 9 0 9 0 0 0 0 9 9 0 9 0 9 0 0 0 0 9 9 0 9 0 9 0 0 0 0 9 9 0 9 0 9 0 0 0 0 9 9 0 9 0 9 0 0 0 0 9 9 0 9 0 9 0 0 0 0 9 9 0 9 0 9 0 0 0 0 9 9 0 9 0 9 0 0 0 0 9 9 0 9 0 9 0 0 0 0 9 9 0 9 0 9 0 0 0 0 9 9 0 9 0 9 0 0 0 0 9 9 0 9 0 9 0 0 0 0 9 9 0 9 0 9 0 0 0 0 9 9 0 9 0 9 0 0 0 0 9 9 0 9 0 9 0 0 0 0 9 9 0 9 0 9 0 0 0 0 9 9 0 9 0 9 0 0 0 0 9 9 0 9 0 9 0 0 0 0 9 9 0 9 0 9
0 0 9 0 9 9 0 0 0 0 0 0 0 0 9 9 0 9 0 9 0 0 0 0 9 9 0 9 0 9 0 0 0 0 9 9 0 9 0 9 0 0 0 0 9 9 0 9 0 9 0 0 0 0 9 9 0 9 0 9 0 0 0 0 9 9 0 9 0 9 0 0 0 0 9 9 0 9 0 9 0 0 0 0 9 9 0 9 0 9 0 0 0 0 9 9 0 9 0 9 0 0 0 0 9 9 0 9 0 9 0 0 0 0 9 9 0 9 0 9 0 0 0 0 9 9 0 9 0 9 0 0 0 0 9 9 0 9 0 9 0 0 0 0 9 9 0 9 0 9 0 0 0 0 9 9 0 9 0 9 0 0 0 0 9 9 0 9 0 9 0 0 0 0 9 9 0 9 0 9 0 0 0 0 9 9 0 9 0 9 0 0 0 0 9 9 0 9 0 9
0 1 0 0 9 0 9 9 9 9 0 0 0 0 9 9 0 9 0 9 0 0 0 0 9 9 0 9 0 9 0 0 0 0 9 9 0 9 0 9 0 0 0 0 9 9 0 9 0 9 0 0 0 0 9 9 0 9 0 9 0 0 0 0 9 9 0 9 0 9 0 0 0 0 9 9 0 9 0 9 0 0 0 0 9 9 0 9 0 9 0 0 0 0 9 9 0 9 0 9 0 0 0 0 9 9 0 9 0 9 0 0 0 0 9 9 0 9 0 9 0 0 0 0 9 9 0 9 0 9 0 0 0 0 9 9 0 9 0 9 0 0 0 0 9 9 0 9 0 9 0 0 0 0 9 9 0 9 0 9 0 0 0 0 9 9 0 9 0 9 0 0 0 0 9 9 0 9 0 9 0 0 0 0 9 9 0 9 0 9 0 0 0 0 9 9 0 9 0 9
0 0 9 0 9 9 0 0 0 0 0 0 0 0 9 9 0 9 0 9 0 0 0 0 9 9 0 9 0 9 0 0 0 0 9 9 0 9 0 9 0 0 0 0 9 9 0 9 0 9 0 0 0 0 9 9 0 9 0 9 0 0 0 0 9 9 0 9 0 9 0 0 0 0 9 9 0 9 0 9 0 0 0 0 9 9 0 9 0 9 0 0 0 0 9 9 0 9 0 9 0 0 0 0 9 9 0 9 0 9 0 0 0 0 9 9 0 9 0 9 0 0 0 0 9 9 0 9 0 9 0 0 0 0 9 9 0 9 0 9 0 0 0 0 9 9 0 9 0 9 0 0 0 0 9 9 0 9 0 9 0 0 0 0 9 9 0 9 0 9 0 0 0 0 9 9 0 9 0 9 0 0 0 0 9 9 0 9 0 9 0 0 0 0 9 9 0 9 0 9
0 1 0 0 9 0 9 9 9 9 0 0 0 0 9 9 0 9 0 9 0 0 0 0 9 9 0 9 0 9 0 0 0 0 9 9 0 9 0 9 0 0 0 0 9 9 0 9 0 9 0 0 0 0 9 9 0 9 0 9 0 0 0 0 9 9 0 9 0 9 0 0 0 0 9 9 0 9 0 9 0 0 0 0 9 9 0 9 0 9 0 0 0 0 9 9 0 9 0 9 0 0 0 0 9 9 0 9 0 9 0 0 0 0 9 9 0 9 0 9 0 0 0 0 9 9 0 9 0 9 0 0 0 0 9 9 0 9 0 9 0 0 0 0 9 9 0 9 0 9 0 0 0 0 9 9 0 9 0 9 0 0 0 0 9 9 0 9 0 9 0 0 0 0 9 9 0 9 0 9 0 0 0 0 9 9 0 9 0 9 0 0 0 0 9 9 0 9 0 9
0 0 9 0 9 9 0 0 0 0 0 0 0 0 9 9 0 9 0 9 0 0 0 0 9 9 0 9 0 9 0 0 0 0 9 9 0 9 0 9 0 0 0 0 9 9 0 9 0 9 0 0 0 0 9 9 0 9 0 9 0 0 0 0 9 9 0 9 0 9 0 0 0 0 9 9 0 9 0 9 0 0 0 0 9 9 0 9 0 9 0 0 0 0 9 9 0 9 0 9 0 0 0 0 9 9 0 9 0 9 0 0 0 0 9 9 0 9 0 9 0 0 0 0 9 9 0 9 0 9 0 0 0 0 9 9 0 9 0 9 0 0 0 0 9 9 0 9 0 9 0 0 0 0 9 9 0 9 0 9 0 0 0 0 9 9 0 9 0 9 0 0 0 0 9 9 0 9 0 9 0 0 0 0 9 9 0 9 0 9 0 0 0 0 9 9 0 9 0 9
0 1 0 0 9 0 9 9 9 9 0 0 0 0 9 9 0 9 0 9 0 0 0 0 9 9 0 9 0 9 0 0 0 0 9 9 0 9 0 9 0 0 0 0 9 9 0 9 0 9 0 0 0 0 9 9 0 9 0 9 0 0 0 0 9 9 0 9 0 9 0 0 0 0 9 9 0 9 0 9 0 0 0 0 9 9 0 9 0 9 0 0 0 0 9 9 0 9 0 9 0 0 0 0 9 9 0 9 0 9 0 0 0 0 9 9 0 9 0 9 0 0 0 0 9 9 0 9 0 9 0 0 0 0 9 9 0 9 0 9 0 0 0 0 9 9 0 9 0 9 0 0 0 0 9 9 0 9 0 9 0 0 0 0 9 9 0 9 0 9 0 0 0 0 9 9 0 9 0 9 0 0 0 0 9 9 0 9 0 9 0 0 0 0 9 9 0 9 0 9
0 0 9 0 9 9 0 0 0 0 0 0 0 0 9 9 0 9 0 9 0 0 0 0 9 9 0 9 0 9 0 0 0 0 9 9 0 9 0 9 0 0 0 0 9 9 0 9 0 9 0 0 0 0 9 9 0 9 0 9 0 0 0 0 9 9 0 9 0 9 0 0 0 0 9 9 0 9 0 9 0 0 0 0 9 9 0 9 0 9 0 0 0 0 9 9 0 9 0 9 0 0 0 0 9 9 0 9 0 9 0 0 0 0 9 9 0 9 0 9 0 0 0 0 9 9 0 9 0 9 0 0 0 0 9 9 0 9 0 9 0 0 0 0 9 9 0 9 0 9 0 0 0 0 9 9 0 9 0 9 0 0 0 0 9 9 0 9 0 9 0 0 0 0 9 9 0 9 0 9 0 0 0 0 9 9 0 9 0 9 0 0 0 0 9 9 0 9 0 9
0 1 0 0 9 0 9 9 9 9 0 0 0 0 9 9 0 9 0 9 0 0 0 0 9 9 0 9 0 9 0 0 0 0 9 9 0 9 0 9 0 0 0 0 9 9 0 9 0 9 0 0 0 0 9 9 0 9 0 9 0 0 0 0 9 9 0 9 0 9 0 0 0 0 9 9 0 9 0 9 0 0 0 0 9 9 0 9 0 9 0 0 0 0 9 9 0 9 0 9 0 0 0 0 9 9 0 9 0 9 0 0 0 0 9 9 0 9 0 9 0 0 0 0 9 9 0 9 0 9 0 0 0 0 9 9 0 9 0 9 0 0 0 0 9 9 0 9 0 9 0 0 0 0 9 9 0 9 0 9 0 0 0 0 9 9 0 9 0 9 0 0 0 0 9 9 0 9 0 9 0 0 0 0 9 9 0 9 0 9 0 0 0 0 9 9 0 9 0 9
0 0 9 0 9 9 0 0 0 0 0 0 0 0 9 9 0 9 0 9 0 0 0 0 9 9 0 9 0 9 0 0 0 0 9 9 0 9 0 9 0 0 0 0 9 9 0 9 0 9 0 0 0 0 9 9 0 9 0 9 0 0 0 0 9 9 0 9 0 9 0 0 0 0 9 9 0 9 0 9 0 0 0 0 9 9 0 9 0 9 0 0 0 0 9 9 0 9 0 9 0 0 0 0 9 9 0 9 0 9 0 0 0 0 9 9 0 9 0 9 0 0 0 0 9 9 0 9 0 9 0 0 0 0 9 9 0 9 0 9 0 0 0 0 9 9 0 9 0 9 0 0 0 0 9 9 0 9 0 9 0 0 0 0 9 9 0 9 0 9 0 0 0 0 9 9 0 9 0 9 0 0 0 0 9 9 0 9 0 9 0 0 0 0 9 9 0 9 0 9
0 1 0 0 9 0 9 9 9 9 0 0 0 0 9 9 0 9 0 9 0 0 0 0 9 9 0 9 0 9 0 0 0 0 9 9 0 9 0 9 0 0 0 0 9 9 0 9 0 9 0 0 0 0 9 9 0 9 0 9 0 0 0 0 9 9 0 9 0 9 0 0 0 0 9 9 0 9 0 9 0 0 0 0 9 9 0 9 0 9 0 0 0 0 9 9 0 9 0 9 0 0 0 0 9 9 0 9 0 9 0 0 0 0 9 9 0 9 0 9 0 0 0 0 9 9 0 9 0 9 0 0 0 0 9 9 0 9 0 9 0 0 0 0 9 9 0 9 0 9 0 0 0 0 9 9 0 9 0 9 0 0 0 0 9 9 0 9 0 9 0 0 0 0 9 9 0 9 0 9 0 0 0 0 9 9 0 9 0 9 0 0 0 0 9 9 0 9 0 9
0 0 9 0 9 9 0 0 0 0 0 0 0 0 9 9 0 9 0 9 0 0 0 0 9 9 0 9 0 9 0 0 0 0 9 9 0 9 0 9 0 0 0 0 9 9 0 9 0 9 0 0 0 0 9 9 0 9 0 9 0 0 0 0 9 9 0 9 0 9 0 0 0 0 9 9 0 9 0 9 0 0 0 0 9 9 0 9 0 9 0 0 0 0 9 9 0 9 0 9 0 0 0 0 9 9 0 9 0 9 0 0 0 0 9 9 0 9 0 9 0 0 0 0 9 9 0 9 0 9 0 0 0 0 9 9 0 9 0 9 0 0 0 0 9 9 0 9 0 9 0 0 0 0 9 9 0 9 0 9 0 0 0 0 9 9 0 9 0 9 0 0 0 0 9 9 0 9 0 9 0 0 0 0 9 9 0 9 0 9 0 0 0 0 9 9 0 9 0 9
0 1 0 0 9 0 9 9 9 9 0 0 0 0 9 9 0 9 0 9 0 0 0 0 9 9 0 9 0 9 0 0 0 0 9 9 0 9 0 9 0 0 0 0 9 9 0 9 0 9 0 0 0 0 9 9 0 9 0 9 0 0 0 0 9 9 0 9 0 9 0 0 0 0 9 9 0 9 0 9 0 0 0 0 9 9 0 9 0 9 0 0 0 0 9 9 0 9 0 9 0 0 0 0 9 9 0 9 0 9 0 0 0 0 9 9 0 9 0 9 0 0 0 0 9 9 0 9 0 9 0 0 0 0 9 9 0 9 0 9 0 0 0 0 9 9 0 9 0 9 0 0 0 0 9 9 0 9 0 9 0 0 0 0 9 9 0 9 0 9 0 0 0 0 9 9 0 9 0 9 0 0 0 0 9 9 0 9 0 9 0 0 0 0 9 9 0 9 0 9
0 0 9 0 9 9 0 0 0 0 0 0 0 0 9 9 0 9 0 9 0 0 0 0 9 9 0 9 0 9 0 0 0 0 9 9 0 9 0 9 0 0 0 0 9 9 0 9 0 9 0 0 0 0 9 9 0 9 0 9 0 0 0 0 9 9 0 9 0 9 0 0 0 0 9 9 0 9 0 9 0 0 0 0 9 9 0 9 0 9 0 0 0 0 9 9 0 9 0 9 0 0 0 0 9 9 0 9 0 9 0 0 0 0 9 9 0 9 0 9 0 0 0 0 9 9 0 9 0 9 0 0 0 0 9 9 0 9 0 9 0 0 0 0 9 9 0 9 0 9 0 0 0 0 9 9 0 9 0 9 0 0 0 0 9 9 0 9 0 9 0 0 0 0 9 9 0 9 0 9 0 0 0 0 9 9 0 9 0 9 0 0 0 0 9 9 0 9 0 9
0 1 0 0 9 0 9 9 9 9 0 0 0 0 9 9 0 9 0 9 0 0 0 0 9 9 0 9 0 9 0 0 0 0 9 9 0 9 0 9 0 0 0 0 9 9 0 9 0 9 0 0 0 0 9 9 0 9 0 9 0 0 0 0 9 9 0 9 0 9 0 0 0 0 9 9 0 9 0 9 0 0 0 0 9 9 0 9 0 9 0 0 0 0 9 9 0 9 0 9 0 0 0 0 9 9 0 9 0 9 0 0 0 0 9 9 0 9 0 9 0 0 0 0 9 9 0 9 0 9 0 0 0 0 9 9 0 9 0 9 0 0 0 0 9 9 0 9 0 9 0 0 0 0 9 9 0 9 0 9 0 0 0 0 9 9 0 9 0 9 0 0 0 0 9 9 0 9 0 9 0 0 0 0 9 9 0 9 0 9 0 0 0 0 9 9 0 9 0 9
0 0 9 0 9 9 0 0 0 0 0 0 0 0 9 9 0 9 0 9 0 0 0 0 9 9 0 9 0 9 0 0 0 0 9 9 0 9 0 9 0 0 0 0 9 9 0 9 0 9 0 0 0 0 9 9 0 9 0 9 0 0 0 0 9 9 0 9 0 9 0 0 0 0 9 9 0 9 0 9 0 0 0 0 9 9 0 9 0 9 0 0 0 0 9 9 0 9 0 9 0 0 0 0 9 9 0 9 0 9 0 0 0 0 9 9 0 9 0 9 0 0 0 0 9 9 0 9 0 9 0 0 0 0 9 9 0 9 0 9 0 0 0 0 9 9 0 9 0 9 0 0 0 0 9 9 0 9 0 9 0 0 0 0 9 9 0 9 0 9 0 0 0 0 9 9 0 9 0 9 0 0 0 0 9 9 0 9 0 9 0 0 0 0 9 9 0 9 0 9
0 1 0 0 9 0 9 9 9 9 0 0 0 0 9 9 0 9 0 9 0 0 0 0 9 9 0 9 0 9 0 0 0 0 9 9 0 9 0 9 0 0 0 0 9 9 0 9 0 9 0 0 0 0 9 9 0 9 0 9 0 0 0 0 9 9 0 9 0 9 0 0 0 0 9 9 0 9 0 9 0 0 0 0 9 9 0 9 0 9 0 0 0 0 9 9 0 9 0 9 0 0 0 0 9 9 0 9 0 9 0 0 0 0 9 9 0 9 0 9 0 0 0 0 9 9 0 9 0 9 0 0 0 0 9 9 0 9 0 9 0 0 0 0 9 9 0 9 0 9 0 0 0 0 9 9 0 9 0 9 0 0 0 0 9 9 0 9 0 9 0 0 0 0 9 9 0 9 0 9 0 0 0 0 9 9 0 9 0 9 0 0 0 0 9 9 0 9 0 9
0 0 9 0 9 9 0 0 0 0 0 0 0 0 9 9 0 9 0 9 0 0 0 0 9 9 0 9 0 9 0 0 0 0 9 9 0 9 0 9 0 0 0 0 9 9 0 9 0 9 0 0 0 0 9 9 0 9 0 9 0 0 0 0 9 9 0 9 0 9 0 0 0 0 9 9 0 9 0 9 0 0 0 0 9 9 0 9 0 9 0 0 0 0 9 9 0 9 0 9 0 0 0 0 9 9 0 9 0 9 0 0 0 0 9 9 0 9 0 9 0 0 0 0 9 9 0 9 0 9 0 0 0 0 9 9 0 9 0 9 0 0 0 0 9 9 0 9 0 9 0 0 0 0 9 9 0 9 0 9 0 0 0 0 9 9 0 9 0 9 0 0 0 0 9 9 0 9 0 9 0 0 0 0 9 9 0 9 0 9 0 0 0 0 9 9 0 9 0 9
0 1 0 0 9 0 9 9 9 9 0 0 0 0 9 9 0 9 0 9 0 0 0 0 9 9 0 9 0 9 0 0 0 0 9 9 0 9 0 9 0 0 0 0 9 9 0 9 0 9 0 0 0 0 9 9 0 9 0 9 0 0 0 0 9 9 0 9 0 9 0 0 0 0 9 9 0 9 0 9 0 0 0 0 9 9 0 9 0 9 0 0 0 0 9 9 0 9 0 9 0 0 0 0 9 9 0 9 0 9 0 0 0 0 9 9 0 9 0 9 0 0 0 0 9 9 0 9 0 9 0 0 0 0 9 9 0 9 0 9 0 0 0 0 9 9 0 9 0 9 0 0 0 0 9 9 0 9 0 9 0 0 0 0 9 9 0 9 0 9 0 0 0 0 9 9 0 9 0 9 0 0 0 0 9 9 0 9 0 9 0 0 0 0 9 9 0 9 0 9
0 0 9 0 9 9 0 0 0 0 0 0 0 0 9 9 0 9 0 9 0 0 0 0 9 9 0 9 0 9 0 0 0 0 9 9 0 9 0 9 0 0 0 0 9 9 0 9 0 9 0 0 0 0 9 9 0 9 0 9 0 0 0 0 9 9 0 9 0 9 0 0 0 0 9 9 0 9 0 9 0 0 0 0 9 9 0 9 0 9 0 0 0 0 9 9 0 9 0 9 0 0 0 0 9 9 0 9 0 9 0 0 0 0 9 9 0 9 0 9 0 0 0 0 9 9 0 9 0 9 0 0 0 0 9 9 0 9 0 9 0 0 0 0 9 9 0 9 0 9 0 0 0 0 9 9 0 9 0 9 0 0 0 0 9 9 0 9 0 9 0 0 0 0 9 9 0 9 0 9 0 0 0 0 9 9 0 9 0 9 0 0 0 0 9 9 0 9 0 9
0 1 0 0 9 0 9 9 9 9 0 0 0 0 9 9 0 9 0 9 0 0 0 0 9 9 0 9 0 9 0 0 0 0 9 9 0 9 0 9 0 0 0 0 9 9 0 9 0 9 0 0 0 0 9 9 0 9 0 9 0 0 0 0 9 9 0 9 0 9 0 0 0 0 9 9 0 9 0 9 0 0 0 0 9 9 0 9 0 9 0 0 0 0 9 9 0 9 0 9 0 0 0 0 9 9 0 9 0 9 0 0 0 0 9 9 0 9 0 9 0 0 0 0 9 9 0 9 0 9 0 0 0 0 9 9 0 9 0 9 0 0 0 0 9 9 0 9 0 9 0 0 0 0 9 9 0 9 0 9 0 0 0 0 9 9 0 9 0 9 0 0 0 0 9 9 0 9 0 9 0 0 0 0 9 9 0 9 0 9 0 0 0 0 9 9 0 9 0 9
0 0 9 0 9 9 0 0 0 0 0 0 0 0 9 9 0 9 0 9 0 0 0 0 9 9 0 9 0 9 0 0 0 0 9 9 0 9 0 9 0 0 0 0 9 9 0 9 0 9 0 0 0 0 9 9 0 9 0 9 0 0 0 0 9 9 0 9 0 9 0 0 0 0 9 9 0 9 0 9 0 0 0 0 9 9 0 9 0 9 0 0 0 0 9 9 0 9 0 9 0 0 0 0 9 9 0 9 0 9 0 0 0 0 9 9 0 9 0 9 0 0 0 0 9 9 0 9 0 9 0 0 0 0 9 9 0 9 0 9 0 0 0 0 9 9 0 9 0 9 0 0 0 0 9 9 0 9 0 9 0 0 0 0 9 9 0 9 0 9 0 0 0 0 9 9 0 9 0 9 0 0 0 0 9 9 0 9 0 9 0 0 0 0 9 9 0 9 0 9
0 1 0 0 9 0 9 9 9 9 0 0 0 0 9 9 0 9 0 9 0 0 0 0 9 9 0 9 0 9 0 0 0 0 9 9 0 9 0 9 0 0 0 0 9 9 0 9 0 9 0 0 0 0 9 9 0 9 0 9 0 0 0 0 9 9 0 9 0 9 0 0 0 0 9 9 0 9 0 9 0 0 0 0 9 9 0 9 0 9 0 0 0 0 9 9 0 9 0 9 0 0 0 0 9 9 0 9 0 9 0 0 0 0 9 9 0 9 0 9 0 0 0 0 9 9 0 9 0 9 0 0 0 0 9 9 0 9 0 9 0 0 0 0 9 9 0 9 0 9 0 0 0 0 9 9 0 9 0 9 0 0 0 0 9 9 0 9 0 9 0 0 0 0 9 9 0 9 0 9 0 0 0 0 9 9 0 9 0 9 0 0 0 0 9 9 0 9 0 9
0 0 9 0 9 9 0 0 0 0 0 0 0 0 9 9 0 9 0 9 0 0 0 0 9 9 0 9 0 9 0 0 0 0 9 9 0 9 0 9 0 0 0 0 9 9 0 9 0 9 0 0 0 0 9 9 0 9 0 9 0 0 0 0 9 9 0 9 0 9 0 0 0 0 9 9 0 9 0 9 0 0 0 0 9 9 0 9 0 9 0 0 0 0 9 9 0 9 0 9 0 0 0 0 9 9 0 9 0 9 0 0 0 0 9 9 0 9 0 9 0 0 0 0 9 9 0 9 0 9 0 0 0 0 9 9 0 9 0 9 0 0 0 0 9 9 0 9 0 9 0 0 0 0 9 9 0 9 0 9 0 0 0 0 9 9 0 9 0 9 0 0 0 0 9 9 0 9 0 9 0 0 0 0 9 9 0 9 0 9 0 0 0 0 9 9 0 9 0 9
0 1 0 0 9 0 9 9 9 9 0 0 0 0 9 9 0 9 0 9 0 0 0 0 9 9 0 9 0 9 0 0 0 0 9 9 0 9 0 9 0 0 0 0 9 9 0 9 0 9 0 0 0 0 9 9 0 9 0 9 0 0 0 0 9 9 0 9 0 9 0 0 0 0 9 9 0 9 0 9 0 0 0 0 9 9 0 9 0 9 0 0 0 0 9 9 0 9 0 9 0 0 0 0 9 9 0 9 0 9 0 0 0 0 9 9 0 9 0 9 0 0 0 0 9 9 0 9 0 9 0 0 0 0 9 9 0 9 0 9 0 0 0 0 9 9 0 9 0 9 0 0 0 0 9 9 0 9 0 9 0 0 0 0 9 9 0 9 0 9 0 0 0 0 9 9 0 9 0 9 0 0 0 0 9 9 0 9 0 9 0 0 0 0 9 9 0 9 0 9
0 0 9 0 9 9 0 0 0 0 0 0 0 0 9 9 0 9 0 9 0 0 0 0 9 9 0 9 0 9 0 0 0 0 9 9 0 9 0 9 0 0 0 0 9 9 0 9 0 9 0 0 0 0 9 9 0 9 0 9 0 0 0 0 9 9 0 9 0 9 0 0 0 0 9 9 0 9 0 9 0 0 0 0 9 9 0 9 0 9 0 0 0 0 9 9 0 9 0 9 0 0 0 0 9 9 0 9 0 9 0 0 0 0 9 9 0 9 0 9 0 0 0 0 9 9 0 9 0 9 0 0 0 0 9 9 0 9 0 9 0 0 0 0 9 9 0 9 0 9 0 0 0 0 9 9 0 9 0 9 0 0 0 0 9 9 0 9 0 9 0 0 0 0 9 9 0 9 0 9 0 0 0 0 9 9 0 9 0 9 0 0 0 0 9 9 0 9 0 9
0 1 0 0 9 0 9 9 9 9 0 0 0 0 9 9 0 9 0 9 0 0 0 0 9 9 0 9 0 9 0 0 0 0 9 9 0 9 0 9 0 0 0 0 9 9 0 9 0 9 0 0 0 0 9 9 0 9 0 9 0 0 0 0 9 9 0 9 0 9 0 0 0 0 9 9 0 9 0 9 0 0 0 0 9 9 0 9 0 9 0 0 0 0 9 9 0 9 0 9 0 0 0 0 9 9 0 9 0 9 0 0 0 0 9 9 0 9 0 9 0 0 0 0 9 9 0 9 0 9 0 0 0 0 9 9 0 9 0 9 0 0 0 0 9 9 0 9 0 9 0 0 0 0 9 9 0 9 0 9 0 0 0 0 9 9 0 9 0 9 0 0 0 0 9 9 0 9 0 9 0 0 0 0 9 9 0 9 0 9 0 0 0 0 9 9 0 9 0 9
0 0 9 0 9 9 0 0 0 0 0 0 0 0 9 9 0 9 0 9 0 0 0 0 9 9 0 9 0 9 0 0 0 0 9 9 0 9 0 9 0 0 0 0 9 9 0 9 0 9 0 0 0 0 9 9 0 9 0 9 0 0 0 0 9 9 0 9 0 9 0 0 0 0 9 9 0 9 0 9 0 0 0 0 9 9 0 9 0 9 0 0 0 0 9 9 0 9 0 9 0 0 0 0 9 9 0 9 0 9 0 0 0 0 9 9 0 9 0 9 0 0 0 0 9 9 0 9 0 9 0 0 0 0 9 9 0 9 0 9 0 0 0 0 9 9 0 9 0 9 0 0 0 0 9 9 0 9 0 9 0 0 0 0 9 9 0 9 0 9 0 0 0 0 9 9 0 9 0 9 0 0 0 0 9 9 0 9 0 9 0 0 0 0 9 9 0 9 0 9
0 1 0 0 9 0 9 9 9 9 0 0 0 0 9 9 0 9 0 9 0 0 0 0 9 9 0 9 0 9 0 0 0 0 9 9 0 9 0 9 0 0 0 0 9 9 0 9 0 9 0 0 0 0 9 9 0 9 0 9 0 0 0 0 9 9 0 9 0 9 0 0 0 0 9 9 0 9 0 9 0 0 0 0 9 9 0 9 0 9 0 0 0 0 9 9 0 9 0 9 0 0 0 0 9 9 0 9 0 9 0 0 0 0 9 9 0 9 0 9 0 0 0 0 9 9 0 9 0 9 0 0 0 0 9 9 0 9 0 9 0 0 0 0 9 9 0 9 0 9 0 0 0 0 9 9 0 9 0 9 0 0 0 0 9 9 0 9 0 9 0 0 0 0 9 9 0 9 0 9 0 0 0 0 9 9 0 9 0 9 0 0 0 0 9 9 0 9 0 9
0 0 9 0 9 9 0 0 0 0 0 0 0 0 9 9 0 9 0 9 0 0 0 0 9 9 0 9 0 9 0 0 0 0 9 9 0 9 0 9 0 0 0 0 9 9 0 9 0 9 0 0 0 0 9 9 0 9 0 9 0 0 0 0 9 9 0 9 0 9 0 0 0 0 9 9 0 9 0 9 0 0 0 0 9 9 0 9 0 9 0 0 0 0 9 9 0 9 0 9 0 0 0 0 9 9 0 9 0 9 0 0 0 0 9 9 0 9 0 9 0 0 0 0 9 9 0 9 0 9 0 0 0 0 9 9 0 9 0 9 0 0 0 0 9 9 0 9 0 9 0 0 0 0 9 9 0 9 0 9 0 0 0 0 9 9 0 9 0 9 0 0 0 0 9 9 0 9 0 9 0 0 0 0 9 9 0 9 0 9 0 0 0 0 9 9 0 9 0 9
0 1 0 0 9 0 9 9 9 9 0 0 0 0 9 9 0 9 0 9 0 0 0 0 9 9 0 9 0 9 0 0 0 0 9 9 0 9 0 9 0 0 0 0 9 9 0 9 0 9 0 0 0 0 9 9 0 9 0 9 0 0 0 0 9 9 0 9 0 9 0 0 0 0 9 9 0 9 0 9 0 0 0 0 9 9 0 9 0 9 0 0 0 0 9 9 0 9 0 9 0 0 0 0 9 9 0 9 0 9 0 0 0 0 9 9 0 9 0 9 0 0 0 0 9 9 0 9 0 9 0 0 0 0 9 9 0 9 0 9 0 0 0 0 9 9 0 9 0 9 0 0 0 0 9 9 0 9 0 9 0 0 0 0 9 9 0 9 0 9 0 0 0 0 9 9 0 9 0 9 0 0 0 0 9 9 0 9 0 9 0 0 0 0 9 9 0 9 0 9
0 0 9 0 9 9 0 0 0 0 0 0 0 0 9 9 0 9 0 9 0 0 0 0 9 9 0 9 0 9 0 0 0 0 9 9 0 9 0 9 0 0 0 0 9 9 0 9 0 9 0 0 0 0 9 9 0 9 0 9 0 0 0 0 9 9 0 9 0 9 0 0 0 0 9 9 0 9 0 9 0 0 0 0 9 9 0 9 0 9 0 0 0 0 9 9 0 9 0 9 0 0 0 0 9 9 0 9 0 9 0 0 0 0 9 9 0 9 0 9 0 0 0 0 9 9 0 9 0 9 0 0 0 0 9 9 0 9 0 9 0 0 0 0 9 9 0 9 0 9 0 0 0 0 9 9 0 9 0 9 0 0 0 0 9 9 0 9 0 9 0 0 0 0 9 9 0 9 0 9 0 0 0 0 9 9 0 9 0 9 0 0 0 0 9 9 0 9 0 9
0 1 0 0 9 0 9 9 9 9 0 0 0 0 9 9 0 9 0 9 0 0 0 0 9 9 0 9 0 9 0 0 0 0 9 9 0 9 0 9 0 0 0 0 9 9 0 9 0 9 0 0 0 0 9 9 0 9 0 9 0 0 0 0 9 9 0 9 0 9 0 0 0 0 9 9 0 9 0 9 0 0 0 0 9 9 0 9 0 9 0 0 0 0 9 9 0 9 0 9 0 0 0 0 9 9 0 9 0 9 0 0 0 0 9 9 0 9 0 9 0 0 0 0 9 9 0 9 0 9 0 0 0 0 9 9 0 9 0 9 0 0 0 0 9 9 0 9 0 9 0 0 0 0 9 9 0 9 0 9 0 0 0 0 9 9 0 9 0 9 0 0 0 0 9 9 0 9 0 9 0 0 0 0 9 9 0 9 0 9 0 0 0 0 9 9 0 9 0 9
0 0 9 0 9 9 0 0 0 0 0 0 0 0 9 9 0 9 0 9 0 0 0 0 9 9 0 9 0 9 0 0 0 0 9 9 0 9 0 9 0 0 0 0 9 9 0 9 0 9 0 0 0 0 9 9 0 9 0 9 0 0 0 0 9 9 0 9 0 9 0 0 0 0 9 9 0 9 0 9 0 0 0 0 9 9 0 9 0 9 0 0 0 0 9 9 0 9 0 9 0 0 0 0 9 9 0 9 0 9 0 0 0 0 9 9 0 9 0 9 0 0 0 0 9 9 0 9 0 9 0 0 0 0 9 9 0 9 0 9 0 0 0 0 9 9 0 9 0 9 0 0 0 0 9 9 0 9 0 9 0 0 0 0 9 9 0 9 0 9 0 0 0 0 9 9 0 9 0 9 0 0 0 0 9 9 0 9 0 9 0 0 0 0 9 9 0 9 0 9
0 1 0 0 9 0 9 9 9 9 0 0 0 0 9 9 0 9 0 9 0 0 0 0 9 9 0 9 0 9 0 0 0 0 9 9 0 9 0 9 0 0 0 0 9 9 0 9 0 9 0 0 0 0 9 9 0 9 0 9 0 0 0 0 9 9 0 9 0 9 0 0 0 0 9 9 0 9 0 9 0 0 0 0 9 9 0 9 0 9 0 0 0 0 9 9 0 9 0 9 0 0 0 0 9 9 0 9 0 9 0 0 0 0 9 9 0 9 0 9 0 0 0 0 9 9 0 9 0 9 0 0 0 0 9 9 0 9 0 9 0 0 0 0 9 9 0 9 0 9 0 0 0 0 9 9 0 9 0 9 0 0 0 0 9 9 0 9 0 9 0 0 0 0 9 9 0 9 0 9 0 0 0 0 9 9 0 9 0 9 0 0 0 0 9 9 0 9 0 9
0 0 9 0 9 9 0 0 0 0 0 0 0 0 9 9 0 9 0 9 0 0 0 0 9 9 0 9 0 9 0 0 0 0 9 9 0 9 0 9 0 0 0 0 9 9 0 9 0 9 0 0 0 0 9 9 0 9 0 9 0 0 0 0 9 9 0 9 0 9 0 0 0 0 9 9 0 9 0 9 0 0 0 0 9 9 0 9 0 9 0 0 0 0 9 9 0 9 0 9 0 0 0 0 9 9 0 9 0 9 0 0 0 0 9 9 0 9 0 9 0 0 0 0 9 9 0 9 0 9 0 0 0 0 9 9 0 9 0 9 0 0 0 0 9 9 0 9 0 9 0 0 0 0 9 9 0 9 0 9 0 0 0 0 9 9 0 9 0 9 0 0 0 0 9 9 0 9 0 9 0 0 0 0 9 9 0 9 0 9 0 0 0 0 9 9 0 9 0 9
0 1 0 0 9 0 9 9 9 9 0 0 0 0 9 9 0 9 0 9 0 0 0 0 9 9 0 9 0 9 0 0 0 0 9 9 0 9 0 9 0 0 0 0 9 9 0 9 0 9 0 0 0 0 9 9 0 9 0 9 0 0 0 0 9 9 0 9 0 9 0 0 0 0 9 9 0 9 0 9 0 0 0 0 9 9 0 9 0 9 0 0 0 0 9 9 0 9 0 9 0 0 0 0 9 9 0 9 0 9 0 0 0 0 9 9 0 9 0 9 0 0 0 0 9 9 0 9 0 9 0 0 0 0 9 9 0 9 0 9 0 0 0 0 9 9 0 9 0 9 0 0 0 0 9 9 0 9 0 9 0 0 0 0 9 9 0 9 0 9 0 0 0 0 9 9 0 9 0 9 0 0 0 0 9 9 0 9 0 9 0 0 0 0 9 9 0 9 0 9
0 0 9 0 9 9 0 0 0 0 0 0 0 0 9 9 0 9 0 9 0 0 0 0 9 9 0 9 0 9 0 0 0 0 9 9 0 9 0 9 0 0 0 0 9 9 0 9 0 9 0 0 0 0 9 9 0 9 0 9 0 0 0 0 9 9 0 9 0 9 0 0 0 0 9 9 0 9 0 9 0 0 0 0 9 9 0 9 0 9 0 0 0 0 9 9 0 9 0 9 0 0 0 0 9 9 0 9 0 9 0 0 0 0 9 9 0 9 0 9 0 0 0 0 9 9 0 9 0 9 0 0 0 0 9 9 0 9 0 9 0 0 0 0 9 9 0 9 0 9 0 0 0 0 9 9 0 9 0 9 0 0 0 0 9 9 0 9 0 9 0 0 0 0 9 9 0 9 0 9 0 0 0 0 9 9 0 9 0 9 0 0 0 0 9 9 0 9 0 9
0 1 0 0 9 0 9 9 9 9 0 0 0 0 9 9 0 9 0 9 0 0 0 0 9 9 0 9 0 9 0 0 0 0 9 9 0 9 0 9 0 0 0 0 9 9 0 9 0 9 0 0 0 0 9 9 0 9 0 9 0 0 0 0 9 9 0 9 0 9 0 0 0 0 9 9 0 9 0 9 0 0 0 0 9 9 0 9 0 9 0 0 0 0 9 9 0 9 0 9 0 0 0 0 9 9 0 9 0 9 0 0 0 0 9 9 0 9 0 9 0 0 0 0 9 9 0 9 0 9 0 0 0 0 9 9 0 9 0 9 0 0 0 0 9 9 0 9 0 9 0 0 0 0 9 9 0 9 0 9 0 0 0 0 9 9 0 9 0 9 0 0 0 0 9 9 0 9 0 9 0 0 0 0 9 9 0 9 0 9 0 0 0 0 9 9 0 9 0 9
0 0 9 0 9 9 0 0 0 0 0 0 0 0 9 9 0 9 0 9 0 0 0 0 9 9 0 9 0 9 0 0 0 0 9 9 0 9 0 9 0 0 0 0 9 9 0 9 0 9 0 0 0 0 9 9 0 9 0 9 0 0 0 0 9 9 0 9 0 9 0 0 0 0 9 9 0 9 0 9 0 0 0 0 9 9 0 9 0 9 0 0 0 0 9 9 0 9 0 9 0 0 0 0 9 9 0 9 0 9 0 0 0 0 9 9 0 9 0 9 0 0 0 0 9 9 0 9 0 9 0 0 0 0 9 9 0 9 0 9 0 0 0 0 9 9 0 9 0 9 0 0 0 0 9 9 0 9 0 9 0 0 0 0 9 9 0 9 0 9 0 0 0 0 9 9 0 9 0 9 0 0 0 0 9 9 0 9 0 9 0 0 0 0 9 9 0 9 0 9
0 1 0 0 9 0 9 9 9 9 0 0 0 0 9 9 0 9 0 9 0 0 0 0 9 9 0 9 0 9 0 0 0 0 9 9 0 9 0 9 0 0 0 0 9 9 0 9 0 9 0 0 0 0 9 9 0 9 0 9 0 0 0 0 9 9 0 9 0 9 0 0 0 0 9 9 0 9 0 9 0 0 0 0 9 9 0 9 0 9 0 0 0 0 9 9 0 9 0 9 0 0 0 0 9 9 0 9 0 9 0 0 0 0 9 9 0 9 0 9 0 0 0 0 9 9 0 9 0 9 0 0 0 0 9 9 0 9 0 9 0 0 0 0 9 9 0 9 0 9 0 0 0 0 9 9 0 9 0 9 0 0 0 0 9 9 0 9 0 9 0 0 0 0 9 9 0 9 0 9 0 0 0 0 9 9 0 9 0 9 0 0 0 0 9 9 0 9 0 9
0 0 9 0 9 9 0 0 0 0 0 0 0 0 9 9 0 9 0 9 0 0 0 0 9 9 0 9 0 9 0 0 0 0 9 9 0 9 0 9 0 0 0 0 9 9 0 9 0 9 0 0 0 0 9 9 0 9 0 9 0 0 0 0 9 9 0 9 0 9 0 0 0 0 9 9 0 9 0 9 0 0 0 0 9 9 0 9 0 9 0 0 0 0 9 9 0 9 0 9 0 0 0 0 9 9 0 9 0 9 0 0 0 0 9 9 0 9 0 9 0 0 0 0 9 9 0 9 0 9 0 0 0 0 9 9 0 9 0 9 0 0 0 0 9 9 0 9 0 9 0 0 0 0 9 9 0 9 0 9 0 0 0 0 9 9 0 9 0 9 0 0 0 0 9 9 0 9 0 9 0 0 0 0 9 9 0 9 0 9 0 0 0 0 9 9 0 9 0 9
0 1 0 0 9 0 9 9 9 9 0 0 0 0 9 9 0 9 0 9 0 0 0 0 9 9 0 9 0 9 0 0 0 0 9 9 0 9 0 9 0 0 0 0 9 9 0 9 0 9 0 0 0 0 9 9 0 9 0 9 0 0 0 0 9 9 0 9 0 9 0 0 0 0 9 9 0 9 0 9 0 0 0 0 9 9 0 9 0 9 0 0 0 0 9 9 0 9 0 9 0 0 0 0 9 9 0 9 0 9 0 0 0 0 9 9 0 9 0 9 0 0 0 0 9 9 0 9 0 9 0 0 0 0 9 9 0 9 0 9 0 0 0 0 9 9 0 9 0 9 0 0 0 0 9 9 0 9 0 9 0 0 0 0 9 9 0 9 0 9 0 0 0 0 9 9 0 9 0 9 0 0 0 0 9 9 0 9 0 9 0 0 0 0 9 9 0 9 0 9
0 0 9 0 9 9 0 0 0 0 0 0 0 0 9 9 0 9 0 9 0 0 0 0 9 9 0 9 0 9 0 0 0 0 9 9 0 9 0 9 0 0 0 0 9 9 0 9 0 9 0 0 0 0 9 9 0 9 0 9 0 0 0 0 9 9 0 9 0 9 0 0 0 0 9 9 0 9 0 9 0 0 0 0 9 9 0 9 0 9 0 0 0 0 9 9 0 9 0 9 0 0 0 0 9 9 0 9 0 9 0 0 0 0 9 9 0 9 0 9 0 0 0 0 9 9 0 9 0 9 0 0 0 0 9 9 0 9 0 9 0 0 0 0 9 9 0 9 0 9 0 0 0 0 9 9 0 9 0 9 0 0 0 0 9 9 0 9 0 9 0 0 0 0 9 9 0 9 0 9 0 0 0 0 9 9 0 9 0 9 0 0 0 0 9 9 0 9 0 9
0 1 0 0 9 0 9 9 9 9 0 0 0 0 9 9 0 9 0 9 0 0 0 0 9 9 0 9 0 9 0 0 0 0 9 9 0 9 0 9 0 0 0 0 9 9 0 9 0 9 0 0 0 0 9 9 0 9 0 9 0 0 0 0 9 9 0 9 0 9 0 0 0 0 9 9 0 9 0 9 0 0 0 0 9 9 0 9 0 9 0 0 0 0 9 9 0 9 0 9 0 0 0 0 9 9 0 9 0 9 0 0 0 0 9 9 0 9 0 9 0 0 0 0 9 9 0 9 0 9 0 0 0 0 9 9 0 9 0 9 0 0 0 0 9 9 0 9 0 9 0 0 0 0 9 9 0 9 0 9 0 0 0 0 9 9 0 9 0 9 0 0 0 0 9 9 0 9 0 9 0 0 0 0 9 9 0 9 0 9 0 0 0 0 9 9 0 9 0 9
0 0 9 0 9 9 0 0 0 0 0 0 0 0 9 9 0 9 0 9 0 0 0 0 9 9 0 9 0 9 0 0 0 0 9 9 0 9 0 9 0 0 0 0 9 9 0 9 0 9 0 0 0 0 9 9 0 9 0 9 0 0 0 0 9 9 0 9 0 9 0 0 0 0 9 9 0 9 0 9 0 0 0 0 9 9 0 9 0 9 0 0 0 0 9 9 0 9 0 9 0 0 0 0 9 9 0 9 0 9 0 0 0 0 9 9 0 9 0 9 0 0 0 0 9 9 0 9 0 9 0 0 0 0 9 9 0 9 0 9 0 0 0 0 9 9 0 9 0 9 0 0 0 0 9 9 0 9 0 9 0 0 0 0 9 9 0 9 0 9 0 0 0 0 9 9 0 9 0 9 0 0 0 0 9 9 0 9 0 9 0 0 0 0 9 9 0 9 0 9
0 1 0 0 9 0 9 9 9 9 0 0 0 0 9 9 0 9 0 9 0 0 0 0 9 9 0 9 0 9 0 0 0 0 9 9 0 9 0 9 0 0 0 0 9 9 0 9 0 9 0 0 0 0 9 9 0 9 0 9 0 0 0 0 9 9 0 9 0 9 0 0 0 0 9 9 0 9 0 9 0 0 0 0 9 9 0 9 0 9 0 0 0 0 9 9 0 9 0 9 0 0 0 0 9 9 0 9 0 9 0 0 0 0 9 9 0 9 0 9 0 0 0 0 9 9 0 9 0 9 0 0 0 0 9 9 0 9 0 9 0 0 0 0 9 9 0 9 0 9 0 0 0 0 9 9 0 9 0 9 0 0 0 0 9 9 0 9 0 9 0 0 0 0 9 9 0 9 0 9 0 0 0 0 9 9 0 9 0 9 0 0 0 0 9 9 0 9 0 9
0 0 9 0 9 9 0 0 0 0 0 0 0 0 9 9 0 9 0 9 0 0 0 0 9 9 0 9 0 9 0 0 0 0 9 9 0 9 0 9 0 0 0 0 9 9 0 9 0 9 0 0 0 0 9 9 0 9 0 9 0 0 0 0 9 9 0 9 0 9 0 0 0 0 9 9 0 9 0 9 0 0 0 0 9 9 0 9 0 9 0 0 0 0 9 9 0 9 0 9 0 0 0 0 9 9 0 9 0 9 0 0 0 0 9 9 0 9 0 9 0 0 0 0 9 9 0 9 0 9 0 0 0 0 9 9 0 9 0 9 0 0 0 0 9 9 0 9 0 9 0 0 0 0 9 9 0 9 0 9 0 0 0 0 9 9 0 9 0 9 0 0 0 0 9 9 0 9 0 9 0 0 0 0 9 9 0 9 0 9 0 0 0 0 9 9 0 9 0 9
0 1 0 0 9 0 9 9 9 9 0 0 0 0 9 9 0 9 0 9 0 0 0 0 9 9 0 9 0 9 0 0 0 0 9 9 0 9 0 9 0 0 0 0 9 9 0 9 0 9 0 0 0 0 9 9 0 9 0 9 0 0 0 0 9 9 0 9 0 9 0 0 0 0 9 9 0 9 0 9 0 0 0 0 9 9 0 9 0 9 0 0 0 0 9 9 0 9 0 9 0 0 0 0 9 9 0 9 0 9 0 0 0 0 9 9 0 9 0 9 0 0 0 0 9 9 0 9 0 9 0 0 0 0 9 9 0 9 0 9 0 0 0 0 9 9 0 9 0 9 0 0 0 0 9 9 0 9 0 9 0 0 0 0 9 9 0 9 0 9 0 0 0 0 9 9 0 9 0 9 0 0 0 0 9 9 0 9 0 9 0 0 0 0 9 9 0 9 0 9
0 0 9 0 9 9 0 0 0 0 0 0 0 0 9 9 0 9 0 9 0 0 0 0 9 9 0 9 0 9 0 0 0 0 9 9 0 9 0 9 0 0 0 0 9 9 0 9 0 9 0 0 0 0 9 9 0 9 0 9 0 0 0 0 9 9 0 9 0 9 0 0 0 0 9 9 0 9 0 9 0 0 0 0 9 9 0 9 0 9 0 0 0 0 9 9 0 9 0 9 0 0 0 0 9 9 0 9 0 9 0 0 0 0 9 9 0 9 0 9 0 0 0 0 9 9 0 9 0 9 0 0 0 0 9 9 0 9 0 9 0 0 0 0 9 9 0 9 0 9 0 0 0 0 9 9 0 9 0 9 0 0 0 0 9 9 0 9 0 9 0 0 0 0 9 9 0 9 0 9 0 0 0 0 9 9 0 9 0 9 0 0 0 0 9 9 0 9 0 9
0 1 0 0 9 0 9 9 9 9 0 0 0 0 9 9 0 9 0 9 0 0 0 0 9 9 0 9 0 9 0 0 0 0 9 9 0 9 0 9 0 0 0 0 9 9 0 9 0 9 0 0 0 0 9 9 0 9 0 9 0 0 0 0 9 9 0 9 0 9 0 0 0 0 9 9 0 9 0 9 0 0 0 0 9 9 0 9 0 9 0 0 0 0 9 9 0 9 0 9 0 0 0 0 9 9 0 9 0 9 0 0 0 0 9 9 0 9 0 9 0 0 0 0 9 9 0 9 0 9 0 0 0 0 9 9 0 9 0 9 0 0 0 0 9 9 0 9 0 9 0 0 0 0 9 9 0 9 0 9 0 0 0 0 9 9 0 9 0 9 0 0 0 0 9 9 0 9 0 9 0 0 0 0 9 9 0 9 0 9 0 0 0 0 9 9 0 9 0 9
0 0 9 0 9 9 0 0 0 0 0 0 0 0 9 9 0 9 0 9 0 0 0 0 9 9 0 9 0 9 0 0 0 0 9 9 0 9 0 9 0 0 0 0 9 9 0 9 0 9 0 0 0 0 9 9 0 9 0 9 0 0 0 0 9 9 0 9 0 9 0 0 0 0 9 9 0 9 0 9 0 0 0 0 9 9 0 9 0 9 0 0 0 0 9 9 0 9 0 9 0 0 0 0 9 9 0 9 0 9 0 0 0 0 9 9 0 9 0 9 0 0 0 0 9 9 0 9 0 9 0 0 0 0 9 9 0 9 0 9 0 0 0 0 9 9 0 9 0 9 0 0 0 0 9 9 0 9 0 9 0 0 0 0 9 9 0 9 0 9 0 0 0 0 9 9 0 9 0 9 0 0 0 0 9 9 0 9 0 9 0 0 0 0 9 9 0 9 0 9
0 1 0 0 9 0 9 9 9 9 0 0 0 0 9 9 0 9 0 9 0 0 0 0 9 9 0 9 0 9 0 0 0 0 9 9 0 9 0 9 0 0 0 0 9 9 0 9 0 9 0 0 0 0 9 9 0 9 0 9 0 0 0 0 9 9 0 9 0 9 0 0 0 0 9 9 0 9 0 9 0 0 0 0 9 9 0 9 0 9 0 0 0 0 9 9 0 9 0 9 0 0 0 0 9 9 0 9 0 9 0 0 0 0 9 9 0 9 0 9 0 0 0 0 9 9 0 9 0 9 0 0 0 0 9 9 0 9 0 9 0 0 0 0 9 9 0 9 0 9 0 0 0 0 9 9 0 9 0 9 0 0 0 0 9 9 0 9 0 9 0 0 0 0 9 9 0 9 0 9 0 0 0 0 9 9 0 9 0 9 0 0 0 0 9 9 0 9 0 9
0 0 9 0 9 9 0 0 0 0 0 0 0 0 9 9 0 9 0 9 0 0 0 0 9 9 0 9 0 9 0 0 0 0 9 9 0 9 0 9 0 0 0 0 9 9 0 9 0 9 0 0 0 0 9 9 0 9 0 9 0 0 0 0 9 9 0 9 0 9 0 0 0 0 9 9 0 9 0 9 0 0 0 0 9 9 0 9 0 9 0 0 0 0 9 9 0 9 0 9 0 0 0 0 9 9 0 9 0 9 0 0 0 0 9 9 0 9 0 9 0 0 0 0 9 9 0 9 0 9 0 0 0 0 9 9 0 9 0 9 0 0 0 0 9 9 0 9 0 9 0 0 0 0 9 9 0 9 0 9 0 0 0 0 9 9 0 9 0 9 0 0 0 0 9 9 0 9 0 9 0 0 0 0 9 9 0 9 0 9 0 0 0 0 9 9 0 9 0 9
0 1 0 0 9 0 9 9 9 9 0 0 0 0 9 9 0 9 0 9 0 0 0 0 9 9 0 9 0 9 0 0 0 0 9 9 0 9 0 9 0 0 0 0 9 9 0 9 0 9 0 0 0 0 9 9 0 9 0 9 0 0 0 0 9 9 0 9 0 9 0 0 0 0 9 9 0 9 0 9 0 0 0 0 9 9 0 9 0 9 0 0 0 0 9 9 0 9 0 9 0 0 0 0 9 9 0 9 0 9 0 0 0 0 9 9 0 9 0 9 0 0 0 0 9 9 0 9 0 9 0 0 0 0 9 9 0 9 0 9 0 0 0 0 9 9 0 9 0 9 0 0 0 0 9 9 0 9 0 9 0 0 0 0 9 9 0 9 0 9 0 0 0 0 9 9 0 9 0 9 0 0 0 0 9 9 0 9 0 9 0 0 0 0 9 9 0 9 0 9
0 0 9 0 9 9 0 0 0 0 0 0 0 0 9 9 0 9 0 9 0 0 0 0 9 9 0 9 0 9 0 0 0 0 9 9 0 9 0 9 0 0 0 0 9 9 0 9 0 9 0 0 0 0 9 9 0 9 0 9 0 0 0 0 9 9 0 9 0 9 0 0 0 0 9 9 0 9 0 9 0 0 0 0 9 9 0 9 0 9 0 0 0 0 9 9 0 9 0 9 0 0 0 0 9 9 0 9 0 9 0 0 0 0 9 9 0 9 0 9 0 0 0 0 9 9 0 9 0 9 0 0 0 0 9 9 0 9 0 9 0 0 0 0 9 9 0 9 0 9 0 0 0 0 9 9 0 9 0 9 0 0 0 0 9 9 0 9 0 9 0 0 0 0 9 9 0 9 0 9 0 0 0 0 9 9 0 9 0 9 0 0 0 0 9 9 0 9 0 9
0 1 0 0 9 0 9 9 9 9 0 0 0 0 9 9 0 9 0 9 0 0 0 0 9 9 0 9 0 9 0 0 0 0 9 9 0 9 0 9 0 0 0 0 9 9 0 9 0 9 0 0 0 0 9 9 0 9 0 9 0 0 0 0 9 9 0 9 0 9 0 0 0 0 9 9 0 9 0 9 0 0 0 0 9 9 0 9 0 9 0 0 0 0 9 9 0 9 0 9 0 0 0 0 9 9 0 9 0 9 0 0 0 0 9 9 0 9 0 9 0 0 0 0 9 9 0 9 0 9 0 0 0 0 9 9 0 9 0 9 0 0 0 0 9 9 0 9 0 9 0 0 0 0 9 9 0 9 0 9 0 0 0 0 9 9 0 9 0 9 0 0 0 0 9 9 0 9 0 9 0 0 0 0 9 9 0 9 0 9 0 0 0 0 9 9 0 9 0 9
0 0 9 0 9 9 0 0 0 0 0 0 0 0 9 9 0 9 0 9 0 0 0 0 9 9 0 9 0 9 0 0 0 0 9 9 0 9 0 9 0 0 0 0 9 9 0 9 0 9 0 0 0 0 9 9 0 9 0 9 0 0 0 0 9 9 0 9 0 9 0 0 0 0 9 9 0 9 0 9 0 0 0 0 9 9 0 9 0 9 0 0 0 0 9 9 0 9 0 9 0 0 0 0 9 9 0 9 0 9 0 0 0 0 9 9 0 9 0 9 0 0 0 0 9 9 0 9 0 9 0 0 0 0 9 9 0 9 0 9 0 0 0 0 9 9 0 9 0 9 0 0 0 0 9 9 0 9 0 9 0 0 0 0 9 9 0 9 0 9 0 0 0 0 9 9 0 9 0 9 0 0 0 0 9 9 0 9 0 9 0 0 0 0 9 9 0 9 0 9
0 1 0 0 9 0 9 9 9 9 0 0 0 0 9 9 0 9 0 9 0 0 0 0 9 9 0 9 0 9 0 0 0 0 9 9 0 9 0 9 0 0 0 0 9 9 0 9 0 9 0 0 0 0 9 9 0 9 0 9 0 0 0 0 9 9 0 9 0 9 0 0 0 0 9 9 0 9 0 9 0 0 0 0 9 9 0 9 0 9 0 0 0 0 9 9 0 9 0 9 0 0 0 0 9 9 0 9 0 9 0 0 0 0 9 9 0 9 0 9 0 0 0 0 9 9 0 9 0 9 0 0 0 0 9 9 0 9 0 9 0 0 0 0 9 9 0 9 0 9 0 0 0 0 9 9 0 9 0 9 0 0 0 0 9 9 0 9 0 9 0 0 0 0 9 9 0 9 0 9 0 0 0 0 9 9 0 9 0 9 0 0 0 0 9 9 0 9 0 9
0 0 9 0 9 9 0 0 0 0 0 0 0 0 9 9 0 9 0 9 0 0 0 0 9 9 0 9 0 9 0 0 0 0 9 9 0 9 0 9 0 0 0 0 9 9 0 9 0 9 0 0 0 0 9 9 0 9 0 9 0 0 0 0 9 9 0 9 0 9 0 0 0 0 9 9 0 9 0 9 0 0 0 0 9 9 0 9 0 9 0 0 0 0 9 9 0 9 0 9 0 0 0 0 9 9 0 9 0 9 0 0 0 0 9 9 0 9 0 9 0 0 0 0 9 9 0 9 0 9 0 0 0 0 9 9 0 9 0 9 0 0 0 0 9 9 0 9 0 9 0 0 0 0 9 9 0 9 0 9 0 0 0 0 9 9 0 9 0 9 0 0 0 0 9 9 0 9 0 9 0 0 0 0 9 9 0 9 0 9 0 0 0 0 9 9 0 9 0 9
0 1 0 0 9 0 9 9 9 9 0 0 0 0 9 9 0 9 0 9 0 0 0 0 9 9 0 9 0 9 0 0 0 0 9 9 0 9 0 9 0 0 0 0 9 9 0 9 0 9 0 0 0 0 9 9 0 9 0 9 0 0 0 0 9 9 0 9 0 9 0 0 0 0 9 9 0 9 0 9 0 0 0 0 9 9 0 9 0 9 0 0 0 0 9 9 0 9 0 9 0 0 0 0 9 9 0 9 0 9 0 0 0 0 9 9 0 9 0 9 0 0 0 0 9 9 0 9 0 9 0 0 0 0 9 9 0 9 0 9 0 0 0 0 9 9 0 9 0 9 0 0 0 0 9 9 0 9 0 9 0 0 0 0 9 9 0 9 0 9 0 0 0 0 9 9 0 9 0 9 0 0 0 0 9 9 0 9 0 9 0 0 0 0 9 9 0 9 0 9
0 0 0 0 0 0 0 0 0 0 0 0 0 0 0 0 0 0 0 0 0 0 0 0 0 0 0 0 0 0 0 0 0 0 0 0 0 0 0 0 0 0 0 0 0 0 0 0 0 0 0 0 0 0 0 0 0 0 0 0 0 0 0 0 0 0 0 0 0 0 0 0 0 0 0 0 0 0 0 0 0 0 0 0 0 0 0 0 0 0 0 0 0 0 0 0 0 0 0 0 0 0 0 0 0 0 0 0 0 0 0 0 0 0 0 0 0 0 0 0 0 0 0 0 0 0 0 0 0 0 0 0 0 0 0 0 0 0 0 0 0 0 0 0 0 0 0 0 0 0 0 0 0 0 0 0 0 0 0 0 0 0 0 0 0 0 0 0 0 0 0 0 0 0 0 0 0 0 0 0 0 0 0 0 0 0 0 0 0 0 0 0 0 0 0 0 0 0 0 0
0 1 0 0 9 0 9 9 9 9 0 0 0 0 9 9 0 9 0 9 0 0 0 0 9 9 0 9 0 9 0 0 0 0 9 9 0 9 0 9 0 0 0 0 9 9 0 9 0 9 0 0 0 0 9 9 0 9 0 9 0 0 0 0 9 9 0 9 0 9 0 0 0 0 9 9 0 9 0 9 0 0 0 0 9 9 0 9 0 9 0 0 0 0 9 9 0 9 0 9 0 0 0 0 9 9 0 9 0 9 0 0 0 0 9 9 0 9 0 9 0 0 0 0 9 9 0 9 0 9 0 0 0 0 9 9 0 9 0 9 0 0 0 0 9 9 0 9 0 9 0 0 0 0 9 9 0 9 0 9 0 0 0 0 9 9 0 9 0 9 0 0 0 0 9 9 0 9 0 9 0 0 0 0 9 9 0 9 0 9 0 0 0 0 9 9 0 9 0 9
0 0 9 0 9 9 0 0 0 0 0 0 0 0 9 9 0 9 0 9 0 0 0 0 9 9 0 9 0 9 0 0 0 0 9 9 0 9 0 9 0 0 0 0 9 9 0 9 0 9 0 0 0 0 9 9 0 9 0 9 0 0 0 0 9 9 0 9 0 9 0 0 0 0 9 9 0 9 0 9 0 0 0 0 9 9 0 9 0 9 0 0 0 0 9 9 0 9 0 9 0 0 0 0 9 9 0 9 0 9 0 0 0 0 9 9 0 9 0 9 0 0 0 0 9 9 0 9 0 9 0 0 0 0 9 9 0 9 0 9 0 0 0 0 9 9 0 9 0 9 0 0 0 0 9 9 0 9 0 9 0 0 0 0 9 9 0 9 0 9 0 0 0 0 9 9 0 9 0 9 0 0 0 0 9 9 0 9 0 9 0 0 0 0 9 9 0 9 0 9
0 1 0 0 9 0 9 9 9 9 0 0 0 0 9 9 0 9 0 9 0 0 0 0 9 9 0 9 0 9 0 0 0 0 9 9 0 9 0 9 0 0 0 0 9 9 0 9 0 9 0 0 0 0 9 9 0 9 0 9 0 0 0 0 9 9 0 9 0 9 0 0 0 0 9 9 0 9 0 9 0 0 0 0 9 9 0 9 0 9 0 0 0 0 9 9 0 9 0 9 0 0 0 0 9 9 0 9 0 9 0 0 0 0 9 9 0 9 0 9 0 0 0 0 9 9 0 9 0 9 0 0 0 0 9 9 0 9 0 9 0 0 0 0 9 9 0 9 0 9 0 0 0 0 9 9 0 9 0 9 0 0 0 0 9 9 0 9 0 9 0 0 0 0 9 9 0 9 0 9 0 0 0 0 9 9 0 9 0 9 0 0 0 0 9 9 0 9 0 9
0 0 9 0 9 9 0 0 0 0 0 0 0 0 9 9 0 9 0 9 0 0 0 0 9 9 0 9 0 9 0 0 0 0 9 9 0 9 0 9 0 0 0 0 9 9 0 9 0 9 0 0 0 0 9 9 0 9 0 9 0 0 0 0 9 9 0 9 0 9 0 0 0 0 9 9 0 9 0 9 0 0 0 0 9 9 0 9 0 9 0 0 0 0 9 9 0 9 0 9 0 0 0 0 9 9 0 9 0 9 0 0 0 0 9 9 0 9 0 9 0 0 0 0 9 9 0 9 0 9 0 0 0 0 9 9 0 9 0 9 0 0 0 0 9 9 0 9 0 9 0 0 0 0 9 9 0 9 0 9 0 0 0 0 9 9 0 9 0 9 0 0 0 0 9 9 0 9 0 9 0 0 0 0 9 9 0 9 0 9 0 0 0 0 9 9 0 9 0 9
0 1 0 0 9 0 9 9 9 9 0 0 0 0 9 9 0 9 0 9 0 0 0 0 9 9 0 9 0 9 0 0 0 0 9 9 0 9 0 9 0 0 0 0 9 9 0 9 0 9 0 0 0 0 9 9 0 9 0 9 0 0 0 0 9 9 0 9 0 9 0 0 0 0 9 9 0 9 0 9 0 0 0 0 9 9 0 9 0 9 0 0 0 0 9 9 0 9 0 9 0 0 0 0 9 9 0 9 0 9 0 0 0 0 9 9 0 9 0 9 0 0 0 0 9 9 0 9 0 9 0 0 0 0 9 9 0 9 0 9 0 0 0 0 9 9 0 9 0 9 0 0 0 0 9 9 0 9 0 9 0 0 0 0 9 9 0 9 0 9 0 0 0 0 9 9 0 9 0 9 0 0 0 0 9 9 0 9 0 9 0 0 0 0 9 9 0 9 0 9
0 0 9 0 9 9 0 0 0 0 0 0 0 0 9 9 0 9 0 9 0 0 0 0 9 9 0 9 0 9 0 0 0 0 9 9 0 9 0 9 0 0 0 0 9 9 0 9 0 9 0 0 0 0 9 9 0 9 0 9 0 0 0 0 9 9 0 9 0 9 0 0 0 0 9 9 0 9 0 9 0 0 0 0 9 9 0 9 0 9 0 0 0 0 9 9 0 9 0 9 0 0 0 0 9 9 0 9 0 9 0 0 0 0 9 9 0 9 0 9 0 0 0 0 9 9 0 9 0 9 0 0 0 0 9 9 0 9 0 9 0 0 0 0 9 9 0 9 0 9 0 0 0 0 9 9 0 9 0 9 0 0 0 0 9 9 0 9 0 9 0 0 0 0 9 9 0 9 0 9 0 0 0 0 9 9 0 9 0 9 0 0 0 0 9 9 0 9 0 9
0 1 0 0 9 0 9 9 9 9 0 0 0 0 9 9 0 9 0 9 0 0 0 0 9 9 0 9 0 9 0 0 0 0 9 9 0 9 0 9 0 0 0 0 9 9 0 9 0 9 0 0 0 0 9 9 0 9 0 9 0 0 0 0 9 9 0 9 0 9 0 0 0 0 9 9 0 9 0 9 0 0 0 0 9 9 0 9 0 9 0 0 0 0 9 9 0 9 0 9 0 0 0 0 9 9 0 9 0 9 0 0 0 0 9 9 0 9 0 9 0 0 0 0 9 9 0 9 0 9 0 0 0 0 9 9 0 9 0 9 0 0 0 0 9 9 0 9 0 9 0 0 0 0 9 9 0 9 0 9 0 0 0 0 9 9 0 9 0 9 0 0 0 0 9 9 0 9 0 9 0 0 0 0 9 9 0 9 0 9 0 0 0 0 9 9 0 9 0 9
0 0 9 0 9 9 0 0 0 0 0 0 0 0 9 9 0 9 0 9 0 0 0 0 9 9 0 9 0 9 0 0 0 0 9 9 0 9 0 9 0 0 0 0 9 9 0 9 0 9 0 0 0 0 9 9 0 9 0 9 0 0 0 0 9 9 0 9 0 9 0 0 0 0 9 9 0 9 0 9 0 0 0 0 9 9 0 9 0 9 0 0 0 0 9 9 0 9 0 9 0 0 0 0 9 9 0 9 0 9 0 0 0 0 9 9 0 9 0 9 0 0 0 0 9 9 0 9 0 9 0 0 0 0 9 9 0 9 0 9 0 0 0 0 9 9 0 9 0 9 0 0 0 0 9 9 0 9 0 9 0 0 0 0 9 9 0 9 0 9 0 0 0 0 9 9 0 9 0 9 0 0 0 0 9 9 0 9 0 9 0 0 0 0 9 9 0 9 0 9
0 1 0 0 9 0 9 9 9 9 0 0 0 0 9 9 0 9 0 9 0 0 0 0 9 9 0 9 0 9 0 0 0 0 9 9 0 9 0 9 0 0 0 0 9 9 0 9 0 9 0 0 0 0 9 9 0 9 0 9 0 0 0 0 9 9 0 9 0 9 0 0 0 0 9 9 0 9 0 9 0 0 0 0 9 9 0 9 0 9 0 0 0 0 9 9 0 9 0 9 0 0 0 0 9 9 0 9 0 9 0 0 0 0 9 9 0 9 0 9 0 0 0 0 9 9 0 9 0 9 0 0 0 0 9 9 0 9 0 9 0 0 0 0 9 9 0 9 0 9 0 0 0 0 9 9 0 9 0 9 0 0 0 0 9 9 0 9 0 9 0 0 0 0 9 9 0 9 0 9 0 0 0 0 9 9 0 9 0 9 0 0 0 0 9 9 0 9 0 9
0 0 9 0 9 9 0 0 0 0 0 0 0 0 9 9 0 9 0 9 0 0 0 0 9 9 0 9 0 9 0 0 0 0 9 9 0 9 0 9 0 0 0 0 9 9 0 9 0 9 0 0 0 0 9 9 0 9 0 9 0 0 0 0 9 9 0 9 0 9 0 0 0 0 9 9 0 9 0 9 0 0 0 0 9 9 0 9 0 9 0 0 0 0 9 9 0 9 0 9 0 0 0 0 9 9 0 9 0 9 0 0 0 0 9 9 0 9 0 9 0 0 0 0 9 9 0 9 0 9 0 0 0 0 9 9 0 9 0 9 0 0 0 0 9 9 0 9 0 9 0 0 0 0 9 9 0 9 0 9 0 0 0 0 9 9 0 9 0 9 0 0 0 0 9 9 0 9 0 9 0 0 0 0 9 9 0 9 0 9 0 0 0 0 9 9 0 9 0 9
0 1 0 0 9 0 9 9 9 9 0 0 0 0 9 9 0 9 0 9 0 0 0 0 9 9 0 9 0 9 0 0 0 0 9 9 0 9 0 9 0 0 0 0 9 9 0 9 0 9 0 0 0 0 9 9 0 9 0 9 0 0 0 0 9 9 0 9 0 9 0 0 0 0 9 9 0 9 0 9 0 0 0 0 9 9 0 9 0 9 0 0 0 0 9 9 0 9 0 9 0 0 0 0 9 9 0 9 0 9 0 0 0 0 9 9 0 9 0 9 0 0 0 0 9 9 0 9 0 9 0 0 0 0 9 9 0 9 0 9 0 0 0 0 9 9 0 9 0 9 0 0 0 0 9 9 0 9 0 9 0 0 0 0 9 9 0 9 0 9 0 0 0 0 9 9 0 9 0 9 0 0 0 0 9 9 0 9 0 9 0 0 0 0 9 9 0 9 0 9
0 0 9 0 9 9 0 0 0 0 0 0 0 0 9 9 0 9 0 9 0 0 0 0 9 9 0 9 0 9 0 0 0 0 9 9 0 9 0 9 0 0 0 0 9 9 0 9 0 9 0 0 0 0 9 9 0 9 0 9 0 0 0 0 9 9 0 9 0 9 0 0 0 0 9 9 0 9 0 9 0 0 0 0 9 9 0 9 0 9 0 0 0 0 9 9 0 9 0 9 0 0 0 0 9 9 0 9 0 9 0 0 0 0 9 9 0 9 0 9 0 0 0 0 9 9 0 9 0 9 0 0 0 0 9 9 0 9 0 9 0 0 0 0 9 9 0 9 0 9 0 0 0 0 9 9 0 9 0 9 0 0 0 0 9 9 0 9 0 9 0 0 0 0 9 9 0 9 0 9 0 0 0 0 9 9 0 9 0 9 0 0 0 0 9 9 0 9 0 9
0 1 0 0 9 0 9 9 9 9 0 0 0 0 9 9 0 9 0 9 0 0 0 0 9 9 0 9 0 9 0 0 0 0 9 9 0 9 0 9 0 0 0 0 9 9 0 9 0 9 0 0 0 0 9 9 0 9 0 9 0 0 0 0 9 9 0 9 0 9 0 0 0 0 9 9 0 9 0 9 0 0 0 0 9 9 0 9 0 9 0 0 0 0 9 9 0 9 0 9 0 0 0 0 9 9 0 9 0 9 0 0 0 0 9 9 0 9 0 9 0 0 0 0 9 9 0 9 0 9 0 0 0 0 9 9 0 9 0 9 0 0 0 0 9 9 0 9 0 9 0 0 0 0 9 9 0 9 0 9 0 0 0 0 9 9 0 9 0 9 0 0 0 0 9 9 0 9 0 9 0 0 0 0 9 9 0 9 0 9 0 0 0 0 9 9 0 9 0 1
0 0 9 0 9 9 0 0 0 0 0 0 0 0 9 9 0 9 0 9 0 0 0 0 9 9 0 9 0 9 0 0 0 0 9 9 0 9 0 9 0 0 0 0 9 9 0 9 0 9 0 0 0 0 9 9 0 9 0 9 0 0 0 0 9 9 0 9 0 9 0 0 0 0 9 9 0 9 0 9 0 0 0 0 9 9 0 9 0 9 0 0 0 0 9 9 0 9 0 9 0 0 0 0 9 9 0 9 0 9 0 0 0 0 9 9 0 9 0 9 0 0 0 0 9 9 0 9 0 9 0 0 0 0 9 9 0 9 0 9 0 0 0 0 9 9 0 9 0 9 0 0 0 0 9 9 0 9 0 9 0 0 0 0 9 9 0 9 0 9 0 0 0 0 9 9 0 9 0 9 0 0 0 0 9 9 0 9 0 9 0 0 0 0 9 9 0 9 0 1